SpTree	logl	delta	tau	lambda	duplications	transfers	losses	speciations
tree0	-44.8316	1e-06	0.31	0	0	7.843	0	8.157
tree1	-49.2257	1e-06	0.31	0	0	9.075	0	6.925
tree2	-49.2257	1e-06	0.31	0	0	9.028	0	6.972
tree3	-48.7836	1e-06	0.31	0	0	8.69	0	7.31
tree4	-48.9738	1e-06	0.31	0	0	8.852	0	7.148
tree5	-48.7836	1e-06	0.31	0	0	8.79	0	7.21
tree6	-48.9738	1e-06	0.31	0	0	8.876	0	7.124
tree7	-48.9738	1e-06	0.31	0	0	8.826	0	7.174
tree8	-48.7836	1e-06	0.31	0	0	8.745	0	7.255
tree9	-48.9738	1e-06	0.31	0	0	8.874	0	7.126
tree10	-44.7214	1e-06	0.31	0	0	7.783	0	8.217
tree11	-48.1794	1e-06	0.31	0	0	8.64	0	7.36
tree12	-44.7214	1e-06	0.31	0	0	7.814	0	8.186
tree13	-48.7794	1e-06	0.31	0	0	8.941	0	7.059
tree14	-48.3105	1e-06	0.31	0	0	9.142	0	6.858
tree15	-48.9738	1e-06	0.31	0	0	8.82	0	7.18
tree16	-50.2566	1e-06	0.31	0	0	9.179	0	6.821
tree17	-47.9082	1e-06	0.31	0	0	8.737	0	7.263
tree18	-48.3105	1e-06	0.31	0	0	9.127	0	6.873
tree19	-47.9082	1e-06	0.31	0	0	8.753	0	7.247
tree20	-47.985	1e-06	0.31	0	0	8.746	0	7.254
tree21	-45.9253	1e-06	0.288328	0	0	7.416	0	8.584
tree22	-46.7245	1e-06	0.31	0	0	8.219	0	7.781
tree23	-48.9738	1e-06	0.31	0	0	8.782	0	7.218
tree24	-48.7794	1e-06	0.31	0	0	8.906	0	7.094
tree25	-46.0413	1e-06	0.31	0	0	8.116	0	7.884
tree26	-48.9738	1e-06	0.31	0	0	8.808	0	7.192
tree27	-44.6464	1e-06	0.31	0	0	7.812	0	8.188
tree28	-48.9738	1e-06	0.31	0	0	8.851	0	7.149
tree29	-48.9738	1e-06	0.31	0	0	8.857	0	7.143
tree30	-48.9738	1e-06	0.31	0	0	8.829	0	7.171
tree31	-48.7836	1e-06	0.31	0	0	8.783	0	7.217
tree32	-49.772	1e-06	0.31	0	0	8.057	0	7.943
tree33	-48.9738	1e-06	0.31	0	0	8.841	0	7.159
tree34	-45.7282	1e-06	0.31	0	0	7.88	0	8.12
tree35	-47.985	1e-06	0.31	0	0	8.749	0	7.251
tree36	-47.985	1e-06	0.31	0	0	8.76	0	7.24
tree37	-45.7282	1e-06	0.31	0	0	7.911	0	8.089
tree38	-47.985	1e-06	0.31	0	0	8.762	0	7.238
tree39	-47.3709	1e-06	0.31	0	0	9.05	0	6.95
tree40	-46.0424	1e-06	0.287319	0	0	7.398	0	8.602
tree41	-48.7794	1e-06	0.31	0	0	8.964	0	7.036
tree42	-43.54	1e-06	0.276553	0	0	6.96	0	9.04
tree43	-48.7794	1e-06	0.31	0	0	8.942	0	7.058
tree44	-48.1794	1e-06	0.31	0	0	8.652	0	7.348
tree45	-48.7836	1e-06	0.31	0	0	8.763	0	7.237
tree46	-48.208	1e-06	0.31	0	0	9.058	0	6.942
tree47	-48.9738	1e-06	0.31	0	0	8.865	0	7.135
tree48	-46.7468	1e-06	0.31	0	0	8.207	0	7.793
tree49	-42.7047	1e-06	0.280313	0	0	7.192	0	8.808
tree50	-47.91	1e-06	0.31	0	0	8.705	0	7.295
tree51	-41.6055	1e-06	0.21	0	0	6.104	0	9.896
tree52	-48.7794	1e-06	0.31	0	0	8.945	0	7.055
tree53	-47.91	1e-06	0.31	0	0	8.706	0	7.294
tree54	-48.208	1e-06	0.31	0	0	9.06	0	6.94
tree55	-48.208	1e-06	0.31	0	0	9.032	0	6.968
tree56	-47.985	1e-06	0.31	0	0	8.722	0	7.278
tree57	-45.7282	1e-06	0.31	0	0	7.908	0	8.092
tree58	-48.6203	1e-06	0.31	0	0	8.863	0	7.137
tree59	-46.7468	1e-06	0.31	0	0	8.193	0	7.807
tree60	-48.9738	1e-06	0.31	0	0	8.827	0	7.173
tree61	-48.9738	1e-06	0.31	0	0	8.846	0	7.154
tree62	-47.91	1e-06	0.31	0	0	8.682	0	7.318
tree63	-47.91	1e-06	0.31	0	0	8.671	0	7.329
tree64	-48.9738	1e-06	0.31	0	0	8.832	0	7.168
tree65	-47.9082	1e-06	0.31	0	0	8.811	0	7.189
tree66	-47.91	1e-06	0.31	0	0	8.718	0	7.282
tree67	-45.7282	1e-06	0.31	0	0	7.901	0	8.099
tree68	-47.985	1e-06	0.31	0	0	8.735	0	7.265
tree69	-48.7794	1e-06	0.31	0	0	8.968	0	7.032
tree70	-47.9082	1e-06	0.31	0	0	8.779	0	7.221
tree71	-47.985	1e-06	0.31	0	0	8.717	0	7.283
tree72	-47.985	1e-06	0.31	0	0	8.756	0	7.244
tree73	-48.9738	1e-06	0.31	0	0	8.844	0	7.156
tree74	-48.9738	1e-06	0.31	0	0	8.909	0	7.091
tree75	-48.9738	1e-06	0.31	0	0	8.909	0	7.091
tree76	-48.7794	1e-06	0.31	0	0	8.997	0	7.003
tree77	-48.6203	1e-06	0.31	0	0	8.828	0	7.172
tree78	-46.0413	1e-06	0.31	0	0	8.18	0	7.82
tree79	-45.9253	1e-06	0.288328	0	0	7.381	0	8.619
tree80	-48.7836	1e-06	0.31	0	0	8.814	0	7.186
tree81	-48.7836	1e-06	0.31	0	0	8.737	0	7.263
tree82	-47.91	1e-06	0.31	0	0	8.689	0	7.311
tree83	-48.9738	1e-06	0.31	0	0	8.874	0	7.126
tree84	-48.7794	1e-06	0.31	0	0	8.935	0	7.065
tree85	-45.7282	1e-06	0.31	0	0	7.901	0	8.099
tree86	-48.9738	1e-06	0.31	0	0	8.856	0	7.144
tree87	-48.3105	1e-06	0.31	0	0	9.157	0	6.843
tree88	-48.7794	1e-06	0.31	0	0	8.939	0	7.061
tree89	-42.7907	1e-06	0.21	0	0	6.308	0	9.692
tree90	-46.7245	1e-06	0.31	0	0	8.219	0	7.781
tree91	-48.7836	1e-06	0.31	0	0	8.815	0	7.185
tree92	-48.7794	1e-06	0.31	0	0	8.874	0	7.126
tree93	-47.985	1e-06	0.31	0	0	8.704	0	7.296
tree94	-42.9011	1e-06	0.21	0	0	6.234	0	9.766
tree95	-48.7836	1e-06	0.31	0	0	8.762	0	7.238
tree96	-48.9738	1e-06	0.31	0	0	8.848	0	7.152
tree97	-48.9738	1e-06	0.31	0	0	8.787	0	7.213
tree98	-48.9738	1e-06	0.31	0	0	8.881	0	7.119
tree99	-47.985	1e-06	0.31	0	0	8.717	0	7.283
tree100	-48.9738	1e-06	0.31	0	0	8.831	0	7.169
tree101	-46.0424	1e-06	0.287319	0	0	7.393	0	8.607
tree102	-48.9738	1e-06	0.31	0	0	8.881	0	7.119
tree103	-47.91	1e-06	0.31	0	0	8.695	0	7.305
tree104	-48.7836	1e-06	0.31	0	0	8.715	0	7.285
tree105	-52.156	1e-06	0.51	0	0	9.991	0	6.009
tree106	-32.8805	1e-06	0.135	0	0	4.046	0	11.954
tree107	-48.9738	1e-06	0.31	0	0	8.913	0	7.087
tree108	-47.985	1e-06	0.31	0	0	8.739	0	7.261
tree109	-47.91	1e-06	0.31	0	0	8.693	0	7.307
tree110	-49.1492	1e-06	0.31	0	0	9.062	0	6.938
tree111	-48.9738	1e-06	0.31	0	0	8.865	0	7.135
tree112	-42.7907	1e-06	0.21	0	0	6.327	0	9.673
tree113	-47.985	1e-06	0.31	0	0	8.71	0	7.29
tree114	-48.9738	1e-06	0.31	0	0	8.883	0	7.117
tree115	-45.7282	1e-06	0.31	0	0	7.869	0	8.131
tree116	-43.4047	1e-06	0.280313	0	0	7.217	0	8.783
tree117	-48.0715	1e-06	0.31	0	0	8.758	0	7.242
tree118	-49.2257	1e-06	0.31	0	0	9.078	0	6.922
tree119	-46.0413	1e-06	0.31	0	0	8.171	0	7.829
tree120	-48.9738	1e-06	0.31	0	0	8.867	0	7.133
tree121	-45.7282	1e-06	0.31	0	0	7.848	0	8.152
tree122	-48.9738	1e-06	0.31	0	0	8.914	0	7.086
tree123	-46.0424	1e-06	0.287319	0	0	7.392	0	8.608
tree124	-48.3105	1e-06	0.31	0	0	9.127	0	6.873
tree125	-48.9738	1e-06	0.31	0	0	8.855	0	7.145
tree126	-48.9738	1e-06	0.31	0	0	8.872	0	7.128
tree127	-47.91	1e-06	0.31	0	0	8.662	0	7.338
tree128	-48.9738	1e-06	0.31	0	0	8.892	0	7.108
tree129	-47.91	1e-06	0.31	0	0	8.715	0	7.285
tree130	-46.7468	1e-06	0.31	0	0	8.209	0	7.791
tree131	-47.988	1e-06	0.31	0	0	8.83	0	7.17
tree132	-45.7854	1e-06	0.31	0	0	8.216	0	7.784
tree133	-48.7836	1e-06	0.31	0	0	8.77	0	7.23
tree134	-48.7836	1e-06	0.31	0	0	8.756	0	7.244
tree135	-46.7468	1e-06	0.31	0	0	8.227	0	7.773
tree136	-48.9738	1e-06	0.31	0	0	8.874	0	7.126
tree137	-48.7794	1e-06	0.31	0	0	8.964	0	7.036
tree138	-46.0413	1e-06	0.31	0	0	8.131	0	7.869
tree139	-42.6105	1e-06	0.21	0	0	6.321	0	9.679
tree140	-47.985	1e-06	0.31	0	0	8.728	0	7.272
tree141	-48.3105	1e-06	0.31	0	0	9.14	0	6.86
tree142	-46.7245	1e-06	0.31	0	0	8.252	0	7.748
tree143	-48.9738	1e-06	0.31	0	0	8.859	0	7.141
tree144	-48.7836	1e-06	0.31	0	0	8.748	0	7.252
tree145	-48.9738	1e-06	0.31	0	0	8.888	0	7.112
tree146	-48.9738	1e-06	0.31	0	0	8.877	0	7.123
tree147	-44.7214	1e-06	0.31	0	0	7.767	0	8.233
tree148	-48.7836	1e-06	0.31	0	0	8.778	0	7.222
tree149	-48.9738	1e-06	0.31	0	0	8.847	0	7.153
tree150	-46.7468	1e-06	0.31	0	0	8.239	0	7.761
tree151	-47.3709	1e-06	0.31	0	0	9.074	0	6.926
tree152	-46.0424	1e-06	0.287319	0	0	7.391	0	8.609
tree153	-47.9082	1e-06	0.31	0	0	8.808	0	7.192
tree154	-48.7836	1e-06	0.31	0	0	8.772	0	7.228
tree155	-47.985	1e-06	0.31	0	0	8.75	0	7.25
tree156	-48.7836	1e-06	0.31	0	0	8.724	0	7.276
tree157	-49.2257	1e-06	0.31	0	0	9.074	0	6.926
tree158	-48.7836	1e-06	0.31	0	0	8.737	0	7.263
tree159	-47.985	1e-06	0.31	0	0	8.706	0	7.294
tree160	-48.6203	1e-06	0.31	0	0	8.858	0	7.142
tree161	-49.1492	1e-06	0.31	0	0	9.077	0	6.923
tree162	-48.9738	1e-06	0.31	0	0	8.895	0	7.105
tree163	-48.0411	1e-06	0.31	0	0	8.898	0	7.102
tree164	-48.7836	1e-06	0.31	0	0	8.82	0	7.18
tree165	-47.985	1e-06	0.31	0	0	8.735	0	7.265
tree166	-48.9738	1e-06	0.31	0	0	8.796	0	7.204
tree167	-48.9738	1e-06	0.31	0	0	8.867	0	7.133
tree168	-48.9738	1e-06	0.31	0	0	8.874	0	7.126
tree169	-48.7794	1e-06	0.31	0	0	8.962	0	7.038
tree170	-48.9738	1e-06	0.31	0	0	8.853	0	7.147
tree171	-47.985	1e-06	0.31	0	0	8.732	0	7.268
tree172	-48.9738	1e-06	0.31	0	0	8.868	0	7.132
tree173	-48.9738	1e-06	0.31	0	0	8.88	0	7.12
tree174	-47.91	1e-06	0.31	0	0	8.719	0	7.281
tree175	-45.7282	1e-06	0.31	0	0	7.97	0	8.03
tree176	-47.91	1e-06	0.31	0	0	8.698	0	7.302
tree177	-42.7907	1e-06	0.21	0	0	6.324	0	9.676
tree178	-47.91	1e-06	0.31	0	0	8.663	0	7.337
tree179	-44.6464	1e-06	0.31	0	0	7.843	0	8.157
tree180	-47.91	1e-06	0.31	0	0	8.681	0	7.319
tree181	-46.0413	1e-06	0.31	0	0	8.119	0	7.881
tree182	-47.9082	1e-06	0.31	0	0	8.776	0	7.224
tree183	-47.91	1e-06	0.31	0	0	8.684	0	7.316
tree184	-47.8385	1e-06	0.31	0	0	8.743	0	7.257
tree185	-41.6055	1e-06	0.21	0	0	6.089	0	9.911
tree186	-48.9738	1e-06	0.31	0	0	8.831	0	7.169
tree187	-46.0413	1e-06	0.31	0	0	8.109	0	7.891
tree188	-47.985	1e-06	0.31	0	0	8.754	0	7.246
tree189	-45.7282	1e-06	0.31	0	0	7.919	0	8.081
tree190	-47.985	1e-06	0.31	0	0	8.697	0	7.303
tree191	-48.7794	1e-06	0.31	0	0	8.913	0	7.087
tree192	-46.9789	1e-06	0.31	0	0	8.056	0	7.944
tree193	-47.985	1e-06	0.31	0	0	8.742	0	7.258
tree194	-48.9738	1e-06	0.31	0	0	8.875	0	7.125
tree195	-47.985	1e-06	0.31	0	0	8.694	0	7.306
tree196	-47.985	1e-06	0.31	0	0	8.708	0	7.292
tree197	-48.1794	1e-06	0.31	0	0	8.645	0	7.355
tree198	-44.7214	1e-06	0.31	0	0	7.785	0	8.215
tree199	-47.985	1e-06	0.31	0	0	8.751	0	7.249
tree200	-47.8385	1e-06	0.31	0	0	8.763	0	7.237
tree201	-47.9082	1e-06	0.31	0	0	8.728	0	7.272
tree202	-46.0424	1e-06	0.287319	0	0	7.397	0	8.603
tree203	-48.6203	1e-06	0.31	0	0	8.877	0	7.123
tree204	-45.0193	1e-06	0.31	0	0	8.136	0	7.864
tree205	-48.7836	1e-06	0.31	0	0	8.754	0	7.246
tree206	-48.9738	1e-06	0.31	0	0	8.811	0	7.189
tree207	-46.3569	1e-06	0.286846	0	0	7.306	0	8.694
tree208	-48.7794	1e-06	0.31	0	0	8.934	0	7.066
tree209	-48.208	1e-06	0.31	0	0	9.015	0	6.985
tree210	-48.9738	1e-06	0.31	0	0	8.892	0	7.108
tree211	-48.9738	1e-06	0.31	0	0	8.864	0	7.136
tree212	-48.9738	1e-06	0.31	0	0	8.86	0	7.14
tree213	-44.8248	1e-06	0.31	0	0	7.827	0	8.173
tree214	-47.985	1e-06	0.31	0	0	8.718	0	7.282
tree215	-47.8385	1e-06	0.31	0	0	8.763	0	7.237
tree216	-45.0193	1e-06	0.31	0	0	8.147	0	7.853
tree217	-48.7836	1e-06	0.31	0	0	8.783	0	7.217
tree218	-48.6203	1e-06	0.31	0	0	8.808	0	7.192
tree219	-48.3105	1e-06	0.31	0	0	9.159	0	6.841
tree220	-46.3569	1e-06	0.286846	0	0	7.318	0	8.682
tree221	-48.3105	1e-06	0.31	0	0	9.146	0	6.854
tree222	-48.9738	1e-06	0.31	0	0	8.871	0	7.129
tree223	-48.7836	1e-06	0.31	0	0	8.771	0	7.229
tree224	-48.7836	1e-06	0.31	0	0	8.777	0	7.223
tree225	-48.7794	1e-06	0.31	0	0	8.93	0	7.07
tree226	-45.5349	1e-06	0.31	0	0	7.968	0	8.032
tree227	-47.985	1e-06	0.31	0	0	8.703	0	7.297
tree228	-44.7214	1e-06	0.31	0	0	7.827	0	8.173
tree229	-45.7282	1e-06	0.31	0	0	7.936	0	8.064
tree230	-37.8728	1e-06	0.181606	0	0	5.097	0	10.903
tree231	-48.9738	1e-06	0.31	0	0	8.882	0	7.118
tree232	-48.9738	1e-06	0.31	0	0	8.892	0	7.108
tree233	-45.7282	1e-06	0.31	0	0	7.87	0	8.13
tree234	-47.9082	1e-06	0.31	0	0	8.777	0	7.223
tree235	-46.7245	1e-06	0.31	0	0	8.211	0	7.789
tree236	-48.9738	1e-06	0.31	0	0	8.831	0	7.169
tree237	-48.9738	1e-06	0.31	0	0	8.819	0	7.181
tree238	-48.9738	1e-06	0.31	0	0	8.864	0	7.136
tree239	-43.4047	1e-06	0.280313	0	0	7.226	0	8.774
tree240	-47.985	1e-06	0.31	0	0	8.758	0	7.242
tree241	-49.2257	1e-06	0.31	0	0	9.124	0	6.876
tree242	-47.985	1e-06	0.31	0	0	8.749	0	7.251
tree243	-45.5349	1e-06	0.31	0	0	7.982	0	8.018
tree244	-48.9738	1e-06	0.31	0	0	8.912	0	7.088
tree245	-48.9738	1e-06	0.31	0	0	8.783	0	7.217
tree246	-48.9738	1e-06	0.31	0	0	8.863	0	7.137
tree247	-48.9738	1e-06	0.31	0	0	8.845	0	7.155
tree248	-47.985	1e-06	0.31	0	0	8.705	0	7.295
tree249	-47.985	1e-06	0.31	0	0	8.782	0	7.218
tree250	-48.9738	1e-06	0.31	0	0	8.853	0	7.147
tree251	-48.9738	1e-06	0.31	0	0	8.839	0	7.161
tree252	-45.7282	1e-06	0.31	0	0	7.925	0	8.075
tree253	-48.9738	1e-06	0.31	0	0	8.799	0	7.201
tree254	-48.9738	1e-06	0.31	0	0	8.883	0	7.117
tree255	-47.985	1e-06	0.31	0	0	8.739	0	7.261
tree256	-48.9738	1e-06	0.31	0	0	8.838	0	7.162
tree257	-48.7836	1e-06	0.31	0	0	8.791	0	7.209
tree258	-49.0751	1e-06	0.31	0	0	9.228	0	6.772
tree259	-48.6203	1e-06	0.31	0	0	8.86	0	7.14
tree260	-48.9738	1e-06	0.31	0	0	8.915	0	7.085
tree261	-47.985	1e-06	0.31	0	0	8.745	0	7.255
tree262	-48.9738	1e-06	0.31	0	0	8.821	0	7.179
tree263	-48.7836	1e-06	0.31	0	0	8.788	0	7.212
tree264	-45.7282	1e-06	0.31	0	0	7.908	0	8.092
tree265	-48.3105	1e-06	0.31	0	0	9.131	0	6.869
tree266	-48.9738	1e-06	0.31	0	0	8.859	0	7.141
tree267	-48.7836	1e-06	0.31	0	0	8.769	0	7.231
tree268	-47.985	1e-06	0.31	0	0	8.753	0	7.247
tree269	-49.2257	1e-06	0.31	0	0	9.099	0	6.901
tree270	-48.9738	1e-06	0.31	0	0	8.886	0	7.114
tree271	-46.0413	1e-06	0.31	0	0	8.115	0	7.885
tree272	-47.985	1e-06	0.31	0	0	8.692	0	7.308
tree273	-48.9738	1e-06	0.31	0	0	8.836	0	7.164
tree274	-48.9738	1e-06	0.31	0	0	8.828	0	7.172
tree275	-48.9738	1e-06	0.31	0	0	8.901	0	7.099
tree276	-45.9253	1e-06	0.288328	0	0	7.343	0	8.657
tree277	-48.7794	1e-06	0.31	0	0	8.946	0	7.054
tree278	-48.9738	1e-06	0.31	0	0	8.888	0	7.112
tree279	-48.9738	1e-06	0.31	0	0	8.846	0	7.154
tree280	-47.91	1e-06	0.31	0	0	8.695	0	7.305
tree281	-48.9738	1e-06	0.31	0	0	8.864	0	7.136
tree282	-43.4047	1e-06	0.280313	0	0	7.244	0	8.756
tree283	-48.7836	1e-06	0.31	0	0	8.799	0	7.201
tree284	-49.2257	1e-06	0.31	0	0	9.045	0	6.955
tree285	-48.9738	1e-06	0.31	0	0	8.846	0	7.154
tree286	-48.7836	1e-06	0.31	0	0	8.765	0	7.235
tree287	-48.0715	1e-06	0.31	0	0	8.769	0	7.231
tree288	-48.9738	1e-06	0.31	0	0	8.902	0	7.098
tree289	-48.9738	1e-06	0.31	0	0	8.906	0	7.094
tree290	-45.7282	1e-06	0.31	0	0	7.876	0	8.124
tree291	-47.985	1e-06	0.31	0	0	8.689	0	7.311
tree292	-48.7836	1e-06	0.31	0	0	8.771	0	7.229
tree293	-48.7836	1e-06	0.31	0	0	8.762	0	7.238
tree294	-47.91	1e-06	0.31	0	0	8.74	0	7.26
tree295	-47.985	1e-06	0.31	0	0	8.723	0	7.277
tree296	-46.7245	1e-06	0.31	0	0	8.231	0	7.769
tree297	-48.7836	1e-06	0.31	0	0	8.804	0	7.196
tree298	-48.9738	1e-06	0.31	0	0	8.914	0	7.086
tree299	-46.0424	1e-06	0.287319	0	0	7.414	0	8.586
tree300	-46.0413	1e-06	0.31	0	0	8.155	0	7.845
tree301	-48.9738	1e-06	0.31	0	0	8.862	0	7.138
tree302	-48.9738	1e-06	0.31	0	0	8.846	0	7.154
tree303	-48.7836	1e-06	0.31	0	0	8.705	0	7.295
tree304	-46.0413	1e-06	0.31	0	0	8.126	0	7.874
tree305	-46.0424	1e-06	0.287319	0	0	7.413	0	8.587
tree306	-48.9738	1e-06	0.31	0	0	8.871	0	7.129
tree307	-48.9738	1e-06	0.31	0	0	8.878	0	7.122
tree308	-47.9619	1e-06	0.31	0	0	8.866	0	7.134
tree309	-48.9738	1e-06	0.31	0	0	8.918	0	7.082
tree310	-48.7794	1e-06	0.31	0	0	8.898	0	7.102
tree311	-48.9738	1e-06	0.31	0	0	8.875	0	7.125
tree312	-48.7836	1e-06	0.31	0	0	8.766	0	7.234
tree313	-45.7282	1e-06	0.31	0	0	7.899	0	8.101
tree314	-48.7836	1e-06	0.31	0	0	8.758	0	7.242
tree315	-44.1191	1e-06	0.31	0	0	8.128	0	7.872
tree316	-48.7836	1e-06	0.31	0	0	8.773	0	7.227
tree317	-45.7282	1e-06	0.31	0	0	7.878	0	8.122
tree318	-48.0715	1e-06	0.31	0	0	8.799	0	7.201
tree319	-48.9738	1e-06	0.31	0	0	8.894	0	7.106
tree320	-50.353	1e-06	0.51	0	0	9.759	0	6.241
tree321	-47.9082	1e-06	0.31	0	0	8.747	0	7.253
tree322	-48.9738	1e-06	0.31	0	0	8.856	0	7.144
tree323	-48.7836	1e-06	0.31	0	0	8.773	0	7.227
tree324	-47.91	1e-06	0.31	0	0	8.725	0	7.275
tree325	-48.9738	1e-06	0.31	0	0	8.849	0	7.151
tree326	-47.985	1e-06	0.31	0	0	8.718	0	7.282
tree327	-48.3105	1e-06	0.31	0	0	9.108	0	6.892
tree328	-46.0413	1e-06	0.31	0	0	8.123	0	7.877
tree329	-48.9738	1e-06	0.31	0	0	8.894	0	7.106
tree330	-46.7468	1e-06	0.31	0	0	8.205	0	7.795
tree331	-47.9082	1e-06	0.31	0	0	8.767	0	7.233
tree332	-49.2257	1e-06	0.31	0	0	9.076	0	6.924
tree333	-48.1794	1e-06	0.31	0	0	8.62	0	7.38
tree334	-48.7794	1e-06	0.31	0	0	8.947	0	7.053
tree335	-45.2667	1e-06	0.284187	0	0	7.26	0	8.74
tree336	-47.9082	1e-06	0.31	0	0	8.79	0	7.21
tree337	-46.6297	1e-06	0.31	0	0	7.83	0	8.17
tree338	-41.6055	1e-06	0.21	0	0	6.087	0	9.913
tree339	-47.91	1e-06	0.31	0	0	8.694	0	7.306
tree340	-47.985	1e-06	0.31	0	0	8.729	0	7.271
tree341	-48.4323	1e-06	0.31	0	0	9.3	0	6.7
tree342	-48.9738	1e-06	0.31	0	0	8.861	0	7.139
tree343	-47.985	1e-06	0.31	0	0	8.724	0	7.276
tree344	-48.9738	1e-06	0.31	0	0	8.856	0	7.144
tree345	-46.0413	1e-06	0.31	0	0	8.061	0	7.939
tree346	-48.7836	1e-06	0.31	0	0	8.774	0	7.226
tree347	-41.6055	1e-06	0.21	0	0	6.085	0	9.915
tree348	-48.9738	1e-06	0.31	0	0	8.834	0	7.166
tree349	-48.7836	1e-06	0.31	0	0	8.757	0	7.243
tree350	-48.9738	1e-06	0.31	0	0	8.862	0	7.138
tree351	-48.7836	1e-06	0.31	0	0	8.759	0	7.241
tree352	-48.9738	1e-06	0.31	0	0	8.857	0	7.143
tree353	-48.7836	1e-06	0.31	0	0	8.799	0	7.201
tree354	-48.9738	1e-06	0.31	0	0	8.829	0	7.171
tree355	-45.7282	1e-06	0.31	0	0	7.9	0	8.1
tree356	-49.2257	1e-06	0.31	0	0	9.058	0	6.942
tree357	-48.9738	1e-06	0.31	0	0	8.831	0	7.169
tree358	-45.7282	1e-06	0.31	0	0	7.93	0	8.07
tree359	-46.3569	1e-06	0.286846	0	0	7.314	0	8.686
tree360	-47.8385	1e-06	0.31	0	0	8.738	0	7.262
tree361	-47.985	1e-06	0.31	0	0	8.723	0	7.277
tree362	-45.7282	1e-06	0.31	0	0	7.906	0	8.094
tree363	-48.9263	1e-06	0.31	0	0	8.934	0	7.066
tree364	-43.4047	1e-06	0.280313	0	0	7.237	0	8.763
tree365	-48.7836	1e-06	0.31	0	0	8.784	0	7.216
tree366	-47.3709	1e-06	0.31	0	0	9.044	0	6.956
tree367	-48.9819	1e-06	0.31	0	0	9.132	0	6.868
tree368	-48.9738	1e-06	0.31	0	0	8.862	0	7.138
tree369	-47.9082	1e-06	0.31	0	0	8.748	0	7.252
tree370	-48.9738	1e-06	0.31	0	0	8.844	0	7.156
tree371	-48.9738	1e-06	0.31	0	0	8.882	0	7.118
tree372	-47.91	1e-06	0.31	0	0	8.705	0	7.295
tree373	-48.0411	1e-06	0.31	0	0	8.923	0	7.077
tree374	-50.016	1e-06	0.51	0	0	9.694	0	6.306
tree375	-47.91	1e-06	0.31	0	0	8.738	0	7.262
tree376	-48.9738	1e-06	0.31	0	0	8.844	0	7.156
tree377	-47.985	1e-06	0.31	0	0	8.697	0	7.303
tree378	-47.985	1e-06	0.31	0	0	8.713	0	7.287
tree379	-47.8385	1e-06	0.31	0	0	8.735	0	7.265
tree380	-48.0715	1e-06	0.31	0	0	8.788	0	7.212
tree381	-47.9082	1e-06	0.31	0	0	8.746	0	7.254
tree382	-48.9738	1e-06	0.31	0	0	8.84	0	7.16
tree383	-46.1871	1e-06	0.295986	0	0	7.453	0	8.547
tree384	-47.985	1e-06	0.31	0	0	8.735	0	7.265
tree385	-46.0424	1e-06	0.287319	0	0	7.373	0	8.627
tree386	-48.7836	1e-06	0.31	0	0	8.783	0	7.217
tree387	-49.8877	1e-06	0.51	0	0	9.634	0	6.366
tree388	-48.7836	1e-06	0.31	0	0	8.752	0	7.248
tree389	-45.7282	1e-06	0.31	0	0	7.83	0	8.17
tree390	-47.985	1e-06	0.31	0	0	8.762	0	7.238
tree391	-45.9253	1e-06	0.288328	0	0	7.4	0	8.6
tree392	-48.9738	1e-06	0.31	0	0	8.86	0	7.14
tree393	-48.7794	1e-06	0.31	0	0	8.886	0	7.114
tree394	-47.985	1e-06	0.31	0	0	8.731	0	7.269
tree395	-47.3709	1e-06	0.31	0	0	9.046	0	6.954
tree396	-46.6297	1e-06	0.31	0	0	7.797	0	8.203
tree397	-48.9738	1e-06	0.31	0	0	8.85	0	7.15
tree398	-47.91	1e-06	0.31	0	0	8.706	0	7.294
tree399	-47.91	1e-06	0.31	0	0	8.739	0	7.261
tree400	-48.7836	1e-06	0.31	0	0	8.737	0	7.263
tree401	-48.9738	1e-06	0.31	0	0	8.836	0	7.164
tree402	-42.7269	1e-06	0.280313	0	0	7.216	0	8.784
tree403	-47.3296	1e-06	0.31	0	0	9.019	0	6.981
tree404	-45.7854	1e-06	0.31	0	0	8.225	0	7.775
tree405	-48.7836	1e-06	0.31	0	0	8.736	0	7.264
tree406	-48.9738	1e-06	0.31	0	0	8.859	0	7.141
tree407	-47.8385	1e-06	0.31	0	0	8.751	0	7.249
tree408	-47.985	1e-06	0.31	0	0	8.741	0	7.259
tree409	-48.9738	1e-06	0.31	0	0	8.846	0	7.154
tree410	-50.4283	1e-06	0.51	0	0	9.751	0	6.249
tree411	-47.9082	1e-06	0.31	0	0	8.789	0	7.211
tree412	-48.3105	1e-06	0.31	0	0	9.109	0	6.891
tree413	-48.9738	1e-06	0.31	0	0	8.84	0	7.16
tree414	-47.985	1e-06	0.31	0	0	8.69	0	7.31
tree415	-48.9738	1e-06	0.31	0	0	8.843	0	7.157
tree416	-48.7836	1e-06	0.31	0	0	8.753	0	7.247
tree417	-46.0424	1e-06	0.287319	0	0	7.406	0	8.594
tree418	-46.0413	1e-06	0.31	0	0	8.144	0	7.856
tree419	-48.9738	1e-06	0.31	0	0	8.906	0	7.094
tree420	-47.985	1e-06	0.31	0	0	8.707	0	7.293
tree421	-48.9738	1e-06	0.31	0	0	8.874	0	7.126
tree422	-47.985	1e-06	0.31	0	0	8.702	0	7.298
tree423	-48.9738	1e-06	0.31	0	0	8.873	0	7.127
tree424	-48.9738	1e-06	0.31	0	0	8.83	0	7.17
tree425	-46.7468	1e-06	0.31	0	0	8.208	0	7.792
tree426	-45.9253	1e-06	0.288328	0	0	7.352	0	8.648
tree427	-47.91	1e-06	0.31	0	0	8.713	0	7.287
tree428	-48.208	1e-06	0.31	0	0	9.048	0	6.952
tree429	-46.0413	1e-06	0.31	0	0	8.161	0	7.839
tree430	-45.7282	1e-06	0.31	0	0	7.935	0	8.065
tree431	-48.9738	1e-06	0.31	0	0	8.859	0	7.141
tree432	-45.7282	1e-06	0.31	0	0	7.917	0	8.083
tree433	-48.7836	1e-06	0.31	0	0	8.765	0	7.235
tree434	-45.7282	1e-06	0.31	0	0	7.87	0	8.13
tree435	-48.9738	1e-06	0.31	0	0	8.851	0	7.149
tree436	-48.7794	1e-06	0.31	0	0	8.983	0	7.017
tree437	-48.7836	1e-06	0.31	0	0	8.808	0	7.192
tree438	-48.208	1e-06	0.31	0	0	9.068	0	6.932
tree439	-46.3569	1e-06	0.286846	0	0	7.304	0	8.696
tree440	-48.6203	1e-06	0.31	0	0	8.818	0	7.182
tree441	-47.91	1e-06	0.31	0	0	8.694	0	7.306
tree442	-48.9738	1e-06	0.31	0	0	8.862	0	7.138
tree443	-48.9738	1e-06	0.31	0	0	8.909	0	7.091
tree444	-44.0667	1e-06	0.31	0	0	8.081	0	7.919
tree445	-47.985	1e-06	0.31	0	0	8.725	0	7.275
tree446	-46.7468	1e-06	0.31	0	0	8.242	0	7.758
tree447	-47.985	1e-06	0.31	0	0	8.745	0	7.255
tree448	-47.8385	1e-06	0.31	0	0	8.738	0	7.262
tree449	-47.985	1e-06	0.31	0	0	8.74	0	7.26
tree450	-48.9738	1e-06	0.31	0	0	8.862	0	7.138
tree451	-48.9738	1e-06	0.31	0	0	8.904	0	7.096
tree452	-45.7282	1e-06	0.31	0	0	7.898	0	8.102
tree453	-48.7836	1e-06	0.31	0	0	8.72	0	7.28
tree454	-48.9738	1e-06	0.31	0	0	8.814	0	7.186
tree455	-48.7836	1e-06	0.31	0	0	8.76	0	7.24
tree456	-48.7836	1e-06	0.31	0	0	8.795	0	7.205
tree457	-48.9738	1e-06	0.31	0	0	8.886	0	7.114
tree458	-48.9738	1e-06	0.31	0	0	8.829	0	7.171
tree459	-48.9738	1e-06	0.31	0	0	8.844	0	7.156
tree460	-46.7468	1e-06	0.31	0	0	8.228	0	7.772
tree461	-48.9738	1e-06	0.31	0	0	8.866	0	7.134
tree462	-48.9738	1e-06	0.31	0	0	8.877	0	7.123
tree463	-47.91	1e-06	0.31	0	0	8.699	0	7.301
tree464	-48.9738	1e-06	0.31	0	0	8.865	0	7.135
tree465	-46.7245	1e-06	0.31	0	0	8.232	0	7.768
tree466	-48.9738	1e-06	0.31	0	0	8.853	0	7.147
tree467	-47.91	1e-06	0.31	0	0	8.716	0	7.284
tree468	-44.0667	1e-06	0.31	0	0	8.08	0	7.92
tree469	-47.91	1e-06	0.31	0	0	8.712	0	7.288
tree470	-48.9738	1e-06	0.31	0	0	8.849	0	7.151
tree471	-44.8316	1e-06	0.31	0	0	7.82	0	8.18
tree472	-45.7282	1e-06	0.31	0	0	7.935	0	8.065
tree473	-44.6763	1e-06	0.31	0	0	8.1	0	7.9
tree474	-48.6203	1e-06	0.31	0	0	8.809	0	7.191
tree475	-45.7282	1e-06	0.31	0	0	7.875	0	8.125
tree476	-48.7836	1e-06	0.31	0	0	8.82	0	7.18
tree477	-45.7282	1e-06	0.31	0	0	7.888	0	8.112
tree478	-48.7794	1e-06	0.31	0	0	8.965	0	7.035
tree479	-48.7836	1e-06	0.31	0	0	8.739	0	7.261
tree480	-48.9738	1e-06	0.31	0	0	8.855	0	7.145
tree481	-48.7836	1e-06	0.31	0	0	8.825	0	7.175
tree482	-48.3105	1e-06	0.31	0	0	9.151	0	6.849
tree483	-48.7836	1e-06	0.31	0	0	8.766	0	7.234
tree484	-47.985	1e-06	0.31	0	0	8.718	0	7.282
tree485	-48.9738	1e-06	0.31	0	0	8.851	0	7.149
tree486	-48.7794	1e-06	0.31	0	0	8.951	0	7.049
tree487	-44.7214	1e-06	0.31	0	0	7.751	0	8.249
tree488	-48.7836	1e-06	0.31	0	0	8.769	0	7.231
tree489	-48.9738	1e-06	0.31	0	0	8.872	0	7.128
tree490	-46.0646	1e-06	0.31	0	0	8.139	0	7.861
tree491	-45.9253	1e-06	0.288328	0	0	7.343	0	8.657
tree492	-48.7836	1e-06	0.31	0	0	8.757	0	7.243
tree493	-46.0424	1e-06	0.287319	0	0	7.404	0	8.596
tree494	-48.3105	1e-06	0.31	0	0	9.154	0	6.846
tree495	-45.7282	1e-06	0.31	0	0	7.893	0	8.107
tree496	-48.9738	1e-06	0.31	0	0	8.832	0	7.168
tree497	-45.7282	1e-06	0.31	0	0	7.91	0	8.09
tree498	-48.9738	1e-06	0.31	0	0	8.858	0	7.142
tree499	-46.0424	1e-06	0.287319	0	0	7.433	0	8.567
tree500	-48.9738	1e-06	0.31	0	0	8.869	0	7.131
tree501	-45.7282	1e-06	0.31	0	0	7.887	0	8.113
tree502	-48.7836	1e-06	0.31	0	0	8.758	0	7.242
tree503	-48.3105	1e-06	0.31	0	0	9.171	0	6.829
tree504	-48.9738	1e-06	0.31	0	0	8.832	0	7.168
tree505	-48.7794	1e-06	0.31	0	0	8.93	0	7.07
tree506	-47.985	1e-06	0.31	0	0	8.737	0	7.263
tree507	-46.0413	1e-06	0.31	0	0	8.144	0	7.856
tree508	-48.7836	1e-06	0.31	0	0	8.747	0	7.253
tree509	-48.9738	1e-06	0.31	0	0	8.882	0	7.118
tree510	-48.7836	1e-06	0.31	0	0	8.734	0	7.266
tree511	-48.9738	1e-06	0.31	0	0	8.846	0	7.154
tree512	-47.91	1e-06	0.31	0	0	8.698	0	7.302
tree513	-48.9738	1e-06	0.31	0	0	8.89	0	7.11
tree514	-48.9738	1e-06	0.31	0	0	8.905	0	7.095
tree515	-47.91	1e-06	0.31	0	0	8.734	0	7.266
tree516	-45.7282	1e-06	0.31	0	0	7.878	0	8.122
tree517	-48.9738	1e-06	0.31	0	0	8.82	0	7.18
tree518	-48.9738	1e-06	0.31	0	0	8.814	0	7.186
tree519	-45.7282	1e-06	0.31	0	0	7.86	0	8.14
tree520	-46.0424	1e-06	0.287319	0	0	7.377	0	8.623
tree521	-47.985	1e-06	0.31	0	0	8.707	0	7.293
tree522	-48.7794	1e-06	0.31	0	0	8.929	0	7.071
tree523	-47.9082	1e-06	0.31	0	0	8.766	0	7.234
tree524	-48.9738	1e-06	0.31	0	0	8.826	0	7.174
tree525	-48.7836	1e-06	0.31	0	0	8.757	0	7.243
tree526	-47.3709	1e-06	0.31	0	0	9.048	0	6.952
tree527	-42.6105	1e-06	0.21	0	0	6.277	0	9.723
tree528	-48.9738	1e-06	0.31	0	0	8.869	0	7.131
tree529	-45.7282	1e-06	0.31	0	0	7.938	0	8.062
tree530	-48.7836	1e-06	0.31	0	0	8.695	0	7.305
tree531	-48.7836	1e-06	0.31	0	0	8.696	0	7.304
tree532	-48.7836	1e-06	0.31	0	0	8.784	0	7.216
tree533	-47.9082	1e-06	0.31	0	0	8.799	0	7.201
tree534	-46.0424	1e-06	0.287319	0	0	7.414	0	8.586
tree535	-48.7836	1e-06	0.31	0	0	8.781	0	7.219
tree536	-44.8248	1e-06	0.31	0	0	7.872	0	8.128
tree537	-48.9819	1e-06	0.31	0	0	9.164	0	6.836
tree538	-48.9738	1e-06	0.31	0	0	8.847	0	7.153
tree539	-48.7836	1e-06	0.31	0	0	8.759	0	7.241
tree540	-48.6203	1e-06	0.31	0	0	8.853	0	7.147
tree541	-47.8385	1e-06	0.31	0	0	8.776	0	7.224
tree542	-49.1458	1e-06	0.31	0	0	9.054	0	6.946
tree543	-48.7836	1e-06	0.31	0	0	8.774	0	7.226
tree544	-48.9738	1e-06	0.31	0	0	8.876	0	7.124
tree545	-48.9738	1e-06	0.31	0	0	8.887	0	7.113
tree546	-46.0424	1e-06	0.287319	0	0	7.376	0	8.624
tree547	-45.7282	1e-06	0.31	0	0	7.902	0	8.098
tree548	-46.7711	1e-06	0.31	0	0	8.229	0	7.771
tree549	-45.7282	1e-06	0.31	0	0	7.925	0	8.075
tree550	-48.9738	1e-06	0.31	0	0	8.863	0	7.137
tree551	-46.0413	1e-06	0.31	0	0	8.149	0	7.851
tree552	-47.985	1e-06	0.31	0	0	8.731	0	7.269
tree553	-45.7282	1e-06	0.31	0	0	7.897	0	8.103
tree554	-47.91	1e-06	0.31	0	0	8.695	0	7.305
tree555	-48.9738	1e-06	0.31	0	0	8.871	0	7.129
tree556	-44.2424	1e-06	0.31	0	0	8.156	0	7.844
tree557	-48.9738	1e-06	0.31	0	0	8.826	0	7.174
tree558	-48.9738	1e-06	0.31	0	0	8.923	0	7.077
tree559	-47.8385	1e-06	0.31	0	0	8.715	0	7.285
tree560	-47.985	1e-06	0.31	0	0	8.737	0	7.263
tree561	-47.91	1e-06	0.31	0	0	8.725	0	7.275
tree562	-45.5349	1e-06	0.31	0	0	7.985	0	8.015
tree563	-45.7282	1e-06	0.31	0	0	7.912	0	8.088
tree564	-47.9082	1e-06	0.31	0	0	8.75	0	7.25
tree565	-50.353	1e-06	0.51	0	0	9.766	0	6.234
tree566	-45.7282	1e-06	0.31	0	0	7.925	0	8.075
tree567	-45.9253	1e-06	0.288328	0	0	7.358	0	8.642
tree568	-47.91	1e-06	0.31	0	0	8.701	0	7.299
tree569	-46.7245	1e-06	0.31	0	0	8.233	0	7.767
tree570	-46.7468	1e-06	0.31	0	0	8.194	0	7.806
tree571	-48.7836	1e-06	0.31	0	0	8.827	0	7.173
tree572	-48.9738	1e-06	0.31	0	0	8.877	0	7.123
tree573	-47.985	1e-06	0.31	0	0	8.752	0	7.248
tree574	-48.7836	1e-06	0.31	0	0	8.721	0	7.279
tree575	-47.91	1e-06	0.31	0	0	8.727	0	7.273
tree576	-45.7282	1e-06	0.31	0	0	7.933	0	8.067
tree577	-48.9738	1e-06	0.31	0	0	8.913	0	7.087
tree578	-46.0424	1e-06	0.287319	0	0	7.399	0	8.601
tree579	-49.2257	1e-06	0.31	0	0	9.065	0	6.935
tree580	-44.2118	1e-06	0.276992	0	0	7.127	0	8.873
tree581	-48.7836	1e-06	0.31	0	0	8.754	0	7.246
tree582	-46.7468	1e-06	0.31	0	0	8.235	0	7.765
tree583	-48.6203	1e-06	0.31	0	0	8.841	0	7.159
tree584	-48.9738	1e-06	0.31	0	0	8.828	0	7.172
tree585	-48.7836	1e-06	0.31	0	0	8.808	0	7.192
tree586	-48.7836	1e-06	0.31	0	0	8.728	0	7.272
tree587	-48.9738	1e-06	0.31	0	0	8.904	0	7.096
tree588	-49.1492	1e-06	0.31	0	0	9.028	0	6.972
tree589	-48.9738	1e-06	0.31	0	0	8.875	0	7.125
tree590	-47.985	1e-06	0.31	0	0	8.739	0	7.261
tree591	-48.9738	1e-06	0.31	0	0	8.904	0	7.096
tree592	-47.985	1e-06	0.31	0	0	8.751	0	7.249
tree593	-47.985	1e-06	0.31	0	0	8.736	0	7.264
tree594	-48.9738	1e-06	0.31	0	0	8.833	0	7.167
tree595	-48.7836	1e-06	0.31	0	0	8.758	0	7.242
tree596	-48.3105	1e-06	0.31	0	0	9.139	0	6.861
tree597	-48.7836	1e-06	0.31	0	0	8.79	0	7.21
tree598	-39.2711	1e-06	0.21	0	0	6.194	0	9.806
tree599	-46.0424	1e-06	0.287319	0	0	7.427	0	8.573
tree600	-48.9738	1e-06	0.31	0	0	8.85	0	7.15
tree601	-46.7468	1e-06	0.31	0	0	8.237	0	7.763
tree602	-45.7282	1e-06	0.31	0	0	7.923	0	8.077
tree603	-47.985	1e-06	0.31	0	0	8.721	0	7.279
tree604	-48.9738	1e-06	0.31	0	0	8.794	0	7.206
tree605	-48.6203	1e-06	0.31	0	0	8.909	0	7.091
tree606	-45.5349	1e-06	0.31	0	0	8	0	8
tree607	-47.91	1e-06	0.31	0	0	8.708	0	7.292
tree608	-48.9738	1e-06	0.31	0	0	8.802	0	7.198
tree609	-47.91	1e-06	0.31	0	0	8.691	0	7.309
tree610	-45.8669	1e-06	0.31	0	0	8.086	0	7.914
tree611	-47.91	1e-06	0.31	0	0	8.702	0	7.298
tree612	-46.0413	1e-06	0.31	0	0	8.132	0	7.868
tree613	-48.6203	1e-06	0.31	0	0	8.856	0	7.144
tree614	-46.0413	1e-06	0.31	0	0	8.126	0	7.874
tree615	-47.9082	1e-06	0.31	0	0	8.778	0	7.222
tree616	-45.9253	1e-06	0.288328	0	0	7.365	0	8.635
tree617	-47.91	1e-06	0.31	0	0	8.675	0	7.325
tree618	-47.985	1e-06	0.31	0	0	8.715	0	7.285
tree619	-47.91	1e-06	0.31	0	0	8.693	0	7.307
tree620	-47.988	1e-06	0.31	0	0	8.822	0	7.178
tree621	-49.2257	1e-06	0.31	0	0	9.053	0	6.947
tree622	-48.9738	1e-06	0.31	0	0	8.82	0	7.18
tree623	-46.7468	1e-06	0.31	0	0	8.243	0	7.757
tree624	-45.7854	1e-06	0.31	0	0	8.185	0	7.815
tree625	-46.0424	1e-06	0.287319	0	0	7.386	0	8.614
tree626	-47.9082	1e-06	0.31	0	0	8.781	0	7.219
tree627	-47.985	1e-06	0.31	0	0	8.719	0	7.281
tree628	-48.9738	1e-06	0.31	0	0	8.803	0	7.197
tree629	-48.3105	1e-06	0.31	0	0	9.118	0	6.882
tree630	-49.2257	1e-06	0.31	0	0	9.055	0	6.945
tree631	-46.7468	1e-06	0.31	0	0	8.237	0	7.763
tree632	-46.0646	1e-06	0.31	0	0	8.114	0	7.886
tree633	-48.9738	1e-06	0.31	0	0	8.837	0	7.163
tree634	-48.7836	1e-06	0.31	0	0	8.862	0	7.138
tree635	-48.6203	1e-06	0.31	0	0	8.862	0	7.138
tree636	-48.9738	1e-06	0.31	0	0	8.907	0	7.093
tree637	-47.985	1e-06	0.31	0	0	8.753	0	7.247
tree638	-48.9738	1e-06	0.31	0	0	8.867	0	7.133
tree639	-45.8669	1e-06	0.31	0	0	8.041	0	7.959
tree640	-49.2257	1e-06	0.31	0	0	9.065	0	6.935
tree641	-48.9738	1e-06	0.31	0	0	8.83	0	7.17
tree642	-48.7836	1e-06	0.31	0	0	8.748	0	7.252
tree643	-47.985	1e-06	0.31	0	0	8.751	0	7.249
tree644	-48.9738	1e-06	0.31	0	0	8.857	0	7.143
tree645	-49.2257	1e-06	0.31	0	0	9.063	0	6.937
tree646	-47.91	1e-06	0.31	0	0	8.709	0	7.291
tree647	-46.0424	1e-06	0.287319	0	0	7.37	0	8.63
tree648	-48.9738	1e-06	0.31	0	0	8.888	0	7.112
tree649	-47.2112	1e-06	0.31	0	0	8.027	0	7.973
tree650	-47.91	1e-06	0.31	0	0	8.69	0	7.31
tree651	-48.9738	1e-06	0.31	0	0	8.809	0	7.191
tree652	-48.7794	1e-06	0.31	0	0	8.963	0	7.037
tree653	-46.0413	1e-06	0.31	0	0	8.14	0	7.86
tree654	-45.7282	1e-06	0.31	0	0	7.935	0	8.065
tree655	-47.9082	1e-06	0.31	0	0	8.739	0	7.261
tree656	-46.9789	1e-06	0.31	0	0	8.07	0	7.93
tree657	-48.3105	1e-06	0.31	0	0	9.128	0	6.872
tree658	-46.7468	1e-06	0.31	0	0	8.243	0	7.757
tree659	-48.3105	1e-06	0.31	0	0	9.111	0	6.889
tree660	-45.5349	1e-06	0.31	0	0	7.965	0	8.035
tree661	-47.985	1e-06	0.31	0	0	8.695	0	7.305
tree662	-48.9738	1e-06	0.31	0	0	8.829	0	7.171
tree663	-44.6763	1e-06	0.31	0	0	8.082	0	7.918
tree664	-46.3426	1e-06	0.286846	0	0	7.357	0	8.643
tree665	-48.9738	1e-06	0.31	0	0	8.874	0	7.126
tree666	-48.7836	1e-06	0.31	0	0	8.747	0	7.253
tree667	-48.9738	1e-06	0.31	0	0	8.88	0	7.12
tree668	-48.9738	1e-06	0.31	0	0	8.855	0	7.145
tree669	-45.5349	1e-06	0.31	0	0	7.952	0	8.048
tree670	-48.7836	1e-06	0.31	0	0	8.794	0	7.206
tree671	-48.0411	1e-06	0.31	0	0	8.946	0	7.054
tree672	-45.7282	1e-06	0.31	0	0	7.91	0	8.09
tree673	-47.985	1e-06	0.31	0	0	8.759	0	7.241
tree674	-44.7214	1e-06	0.31	0	0	7.793	0	8.207
tree675	-48.7794	1e-06	0.31	0	0	8.924	0	7.076
tree676	-47.985	1e-06	0.31	0	0	8.729	0	7.271
tree677	-46.0424	1e-06	0.287319	0	0	7.366	0	8.634
tree678	-45.7282	1e-06	0.31	0	0	7.895	0	8.105
tree679	-48.9738	1e-06	0.31	0	0	8.854	0	7.146
tree680	-46.0424	1e-06	0.287319	0	0	7.394	0	8.606
tree681	-45.7282	1e-06	0.31	0	0	7.892	0	8.108
tree682	-45.7282	1e-06	0.31	0	0	7.904	0	8.096
tree683	-52.4473	1e-06	0.51	0	0	10.048	0	5.952
tree684	-47.91	1e-06	0.31	0	0	8.71	0	7.29
tree685	-45.7282	1e-06	0.31	0	0	7.965	0	8.035
tree686	-48.7836	1e-06	0.31	0	0	8.784	0	7.216
tree687	-46.0413	1e-06	0.31	0	0	8.165	0	7.835
tree688	-48.9738	1e-06	0.31	0	0	8.864	0	7.136
tree689	-48.9738	1e-06	0.31	0	0	8.826	0	7.174
tree690	-47.1841	1e-06	0.31	0	0	8.051	0	7.949
tree691	-46.7245	1e-06	0.31	0	0	8.22	0	7.78
tree692	-47.985	1e-06	0.31	0	0	8.721	0	7.279
tree693	-47.91	1e-06	0.31	0	0	8.679	0	7.321
tree694	-47.91	1e-06	0.31	0	0	8.664	0	7.336
tree695	-47.985	1e-06	0.31	0	0	8.679	0	7.321
tree696	-48.9738	1e-06	0.31	0	0	8.858	0	7.142
tree697	-42.7907	1e-06	0.21	0	0	6.315	0	9.685
tree698	-48.7836	1e-06	0.31	0	0	8.783	0	7.217
tree699	-46.0413	1e-06	0.31	0	0	8.125	0	7.875
tree700	-48.9738	1e-06	0.31	0	0	8.855	0	7.145
tree701	-45.7282	1e-06	0.31	0	0	7.915	0	8.085
tree702	-48.9738	1e-06	0.31	0	0	8.892	0	7.108
tree703	-48.7836	1e-06	0.31	0	0	8.766	0	7.234
tree704	-43.9251	1e-06	0.21	0	0	6.565	0	9.435
tree705	-48.7836	1e-06	0.31	0	0	8.767	0	7.233
tree706	-46.0424	1e-06	0.287319	0	0	7.415	0	8.585
tree707	-42.6105	1e-06	0.21	0	0	6.304	0	9.696
tree708	-48.9738	1e-06	0.31	0	0	8.817	0	7.183
tree709	-48.7836	1e-06	0.31	0	0	8.695	0	7.305
tree710	-48.9738	1e-06	0.31	0	0	8.807	0	7.193
tree711	-48.9738	1e-06	0.31	0	0	8.809	0	7.191
tree712	-48.7836	1e-06	0.31	0	0	8.778	0	7.222
tree713	-46.0424	1e-06	0.287319	0	0	7.388	0	8.612
tree714	-48.3105	1e-06	0.31	0	0	9.099	0	6.901
tree715	-48.7836	1e-06	0.31	0	0	8.736	0	7.264
tree716	-48.7836	1e-06	0.31	0	0	8.753	0	7.247
tree717	-47.91	1e-06	0.31	0	0	8.659	0	7.341
tree718	-48.7836	1e-06	0.31	0	0	8.796	0	7.204
tree719	-48.3105	1e-06	0.31	0	0	9.127	0	6.873
tree720	-48.7836	1e-06	0.31	0	0	8.76	0	7.24
tree721	-48.9738	1e-06	0.31	0	0	8.829	0	7.171
tree722	-48.9738	1e-06	0.31	0	0	8.9	0	7.1
tree723	-49.2257	1e-06	0.31	0	0	9.049	0	6.951
tree724	-47.9082	1e-06	0.31	0	0	8.804	0	7.196
tree725	-45.9253	1e-06	0.288328	0	0	7.39	0	8.61
tree726	-48.9738	1e-06	0.31	0	0	8.903	0	7.097
tree727	-47.91	1e-06	0.31	0	0	8.697	0	7.303
tree728	-45.7282	1e-06	0.31	0	0	7.907	0	8.093
tree729	-48.7794	1e-06	0.31	0	0	8.94	0	7.06
tree730	-46.0424	1e-06	0.287319	0	0	7.377	0	8.623
tree731	-45.7282	1e-06	0.31	0	0	7.944	0	8.056
tree732	-44.7214	1e-06	0.31	0	0	7.795	0	8.205
tree733	-48.7794	1e-06	0.31	0	0	8.92	0	7.08
tree734	-47.985	1e-06	0.31	0	0	8.738	0	7.262
tree735	-48.6203	1e-06	0.31	0	0	8.874	0	7.126
tree736	-47.985	1e-06	0.31	0	0	8.717	0	7.283
tree737	-42.6105	1e-06	0.21	0	0	6.276	0	9.724
tree738	-48.7836	1e-06	0.31	0	0	8.817	0	7.183
tree739	-48.9738	1e-06	0.31	0	0	8.845	0	7.155
tree740	-48.9738	1e-06	0.31	0	0	8.8	0	7.2
tree741	-48.9738	1e-06	0.31	0	0	8.901	0	7.099
tree742	-47.985	1e-06	0.31	0	0	8.724	0	7.276
tree743	-48.7836	1e-06	0.31	0	0	8.754	0	7.246
tree744	-47.985	1e-06	0.31	0	0	8.726	0	7.274
tree745	-48.2203	1e-06	0.31	0	0	8.482	0	7.518
tree746	-48.9738	1e-06	0.31	0	0	8.847	0	7.153
tree747	-48.7794	1e-06	0.31	0	0	8.968	0	7.032
tree748	-47.985	1e-06	0.31	0	0	8.755	0	7.245
tree749	-47.9082	1e-06	0.31	0	0	8.78	0	7.22
tree750	-48.7794	1e-06	0.31	0	0	8.972	0	7.028
tree751	-46.3569	1e-06	0.286846	0	0	7.355	0	8.645
tree752	-48.9738	1e-06	0.31	0	0	8.856	0	7.144
tree753	-47.985	1e-06	0.31	0	0	8.725	0	7.275
tree754	-46.0424	1e-06	0.287319	0	0	7.356	0	8.644
tree755	-49.1492	1e-06	0.31	0	0	9.004	0	6.996
tree756	-45.8669	1e-06	0.31	0	0	8.047	0	7.953
tree757	-47.985	1e-06	0.31	0	0	8.71	0	7.29
tree758	-48.7836	1e-06	0.31	0	0	8.685	0	7.315
tree759	-48.6203	1e-06	0.31	0	0	8.873	0	7.127
tree760	-44.0667	1e-06	0.31	0	0	8.099	0	7.901
tree761	-47.985	1e-06	0.31	0	0	8.76	0	7.24
tree762	-45.7282	1e-06	0.31	0	0	7.884	0	8.116
tree763	-48.6203	1e-06	0.31	0	0	8.836	0	7.164
tree764	-45.2619	1e-06	0.284187	0	0	7.298	0	8.702
tree765	-48.7836	1e-06	0.31	0	0	8.769	0	7.231
tree766	-48.7836	1e-06	0.31	0	0	8.778	0	7.222
tree767	-48.7836	1e-06	0.31	0	0	8.754	0	7.246
tree768	-46.6505	1e-06	0.31	0	0	7.818	0	8.182
tree769	-47.91	1e-06	0.31	0	0	8.673	0	7.327
tree770	-46.3569	1e-06	0.286846	0	0	7.336	0	8.664
tree771	-48.0715	1e-06	0.31	0	0	8.78	0	7.22
tree772	-42.7269	1e-06	0.280313	0	0	7.228	0	8.772
tree773	-46.7245	1e-06	0.31	0	0	8.192	0	7.808
tree774	-47.985	1e-06	0.31	0	0	8.727	0	7.273
tree775	-48.7836	1e-06	0.31	0	0	8.75	0	7.25
tree776	-45.5349	1e-06	0.31	0	0	8.008	0	7.992
tree777	-46.7468	1e-06	0.31	0	0	8.234	0	7.766
tree778	-46.0413	1e-06	0.31	0	0	8.189	0	7.811
tree779	-47.9082	1e-06	0.31	0	0	8.803	0	7.197
tree780	-44.1807	1e-06	0.281094	0	0	7.265	0	8.735
tree781	-47.91	1e-06	0.31	0	0	8.681	0	7.319
tree782	-45.7282	1e-06	0.31	0	0	7.897	0	8.103
tree783	-48.7836	1e-06	0.31	0	0	8.823	0	7.177
tree784	-47.985	1e-06	0.31	0	0	8.733	0	7.267
tree785	-50.0863	1e-06	0.51	0	0	9.83	0	6.17
tree786	-46.0413	1e-06	0.31	0	0	8.212	0	7.788
tree787	-47.9082	1e-06	0.31	0	0	8.759	0	7.241
tree788	-48.7836	1e-06	0.31	0	0	8.799	0	7.201
tree789	-48.7794	1e-06	0.31	0	0	8.917	0	7.083
tree790	-48.9738	1e-06	0.31	0	0	8.853	0	7.147
tree791	-48.9738	1e-06	0.31	0	0	8.902	0	7.098
tree792	-47.985	1e-06	0.31	0	0	8.745	0	7.255
tree793	-47.985	1e-06	0.31	0	0	8.741	0	7.259
tree794	-47.8385	1e-06	0.31	0	0	8.757	0	7.243
tree795	-48.0715	1e-06	0.31	0	0	8.797	0	7.203
tree796	-45.7282	1e-06	0.31	0	0	7.967	0	8.033
tree797	-47.985	1e-06	0.31	0	0	8.707	0	7.293
tree798	-48.9738	1e-06	0.31	0	0	8.832	0	7.168
tree799	-45.7854	1e-06	0.31	0	0	8.134	0	7.866
tree800	-48.3105	1e-06	0.31	0	0	9.106	0	6.894
tree801	-48.9738	1e-06	0.31	0	0	8.876	0	7.124
tree802	-48.7794	1e-06	0.31	0	0	8.952	0	7.048
tree803	-47.9082	1e-06	0.31	0	0	8.773	0	7.227
tree804	-47.985	1e-06	0.31	0	0	8.766	0	7.234
tree805	-47.91	1e-06	0.31	0	0	8.688	0	7.312
tree806	-45.7282	1e-06	0.31	0	0	7.927	0	8.073
tree807	-48.9738	1e-06	0.31	0	0	8.859	0	7.141
tree808	-47.985	1e-06	0.31	0	0	8.722	0	7.278
tree809	-48.7836	1e-06	0.31	0	0	8.755	0	7.245
tree810	-46.7468	1e-06	0.31	0	0	8.251	0	7.749
tree811	-48.7836	1e-06	0.31	0	0	8.819	0	7.181
tree812	-48.9738	1e-06	0.31	0	0	8.86	0	7.14
tree813	-47.9082	1e-06	0.31	0	0	8.783	0	7.217
tree814	-44.7419	1e-06	0.31	0	0	7.865	0	8.135
tree815	-48.7836	1e-06	0.31	0	0	8.72	0	7.28
tree816	-46.0424	1e-06	0.287319	0	0	7.398	0	8.602
tree817	-48.9738	1e-06	0.31	0	0	8.878	0	7.122
tree818	-46.9003	1e-06	0.31	0	0	7.982	0	8.018
tree819	-47.985	1e-06	0.31	0	0	8.7	0	7.3
tree820	-48.7836	1e-06	0.31	0	0	8.802	0	7.198
tree821	-46.0413	1e-06	0.31	0	0	8.14	0	7.86
tree822	-47.91	1e-06	0.31	0	0	8.698	0	7.302
tree823	-49.1492	1e-06	0.31	0	0	9.087	0	6.913
tree824	-46.0424	1e-06	0.287319	0	0	7.398	0	8.602
tree825	-48.9738	1e-06	0.31	0	0	8.889	0	7.111
tree826	-46.3569	1e-06	0.286846	0	0	7.334	0	8.666
tree827	-48.9738	1e-06	0.31	0	0	8.93	0	7.07
tree828	-48.6203	1e-06	0.31	0	0	8.904	0	7.096
tree829	-48.9738	1e-06	0.31	0	0	8.885	0	7.115
tree830	-41.6055	1e-06	0.21	0	0	6.096	0	9.904
tree831	-48.9738	1e-06	0.31	0	0	8.859	0	7.141
tree832	-45.7282	1e-06	0.31	0	0	7.945	0	8.055
tree833	-47.8385	1e-06	0.31	0	0	8.727	0	7.273
tree834	-46.0424	1e-06	0.287319	0	0	7.389	0	8.611
tree835	-48.9738	1e-06	0.31	0	0	8.867	0	7.133
tree836	-48.9738	1e-06	0.31	0	0	8.822	0	7.178
tree837	-48.9738	1e-06	0.31	0	0	8.875	0	7.125
tree838	-48.7794	1e-06	0.31	0	0	8.931	0	7.069
tree839	-47.91	1e-06	0.31	0	0	8.696	0	7.304
tree840	-48.7794	1e-06	0.31	0	0	8.933	0	7.067
tree841	-47.91	1e-06	0.31	0	0	8.696	0	7.304
tree842	-48.7794	1e-06	0.31	0	0	8.926	0	7.074
tree843	-47.91	1e-06	0.31	0	0	8.702	0	7.298
tree844	-48.7794	1e-06	0.31	0	0	8.943	0	7.057
tree845	-47.9082	1e-06	0.31	0	0	8.773	0	7.227
tree846	-48.1794	1e-06	0.31	0	0	8.669	0	7.331
tree847	-48.9738	1e-06	0.31	0	0	8.822	0	7.178
tree848	-48.7836	1e-06	0.31	0	0	8.765	0	7.235
tree849	-48.7836	1e-06	0.31	0	0	8.714	0	7.286
tree850	-44.6464	1e-06	0.31	0	0	7.855	0	8.145
tree851	-45.7282	1e-06	0.31	0	0	7.902	0	8.098
tree852	-43.4337	1e-06	0.280313	0	0	7.217	0	8.783
tree853	-46.7468	1e-06	0.31	0	0	8.216	0	7.784
tree854	-40.7323	1e-06	0.21	0	0	6.125	0	9.875
tree855	-47.91	1e-06	0.31	0	0	8.706	0	7.294
tree856	-48.0715	1e-06	0.31	0	0	8.841	0	7.159
tree857	-48.9738	1e-06	0.31	0	0	8.87	0	7.13
tree858	-48.7836	1e-06	0.31	0	0	8.804	0	7.196
tree859	-48.9738	1e-06	0.31	0	0	8.855	0	7.145
tree860	-46.7468	1e-06	0.31	0	0	8.222	0	7.778
tree861	-48.9738	1e-06	0.31	0	0	8.848	0	7.152
tree862	-48.208	1e-06	0.31	0	0	9.059	0	6.941
tree863	-48.9738	1e-06	0.31	0	0	8.856	0	7.144
tree864	-47.9082	1e-06	0.31	0	0	8.773	0	7.227
tree865	-46.0424	1e-06	0.287319	0	0	7.459	0	8.541
tree866	-47.8385	1e-06	0.31	0	0	8.71	0	7.29
tree867	-49.1492	1e-06	0.31	0	0	9.014	0	6.986
tree868	-46.0424	1e-06	0.287319	0	0	7.42	0	8.58
tree869	-47.985	1e-06	0.31	0	0	8.724	0	7.276
tree870	-48.9738	1e-06	0.31	0	0	8.873	0	7.127
tree871	-49.2257	1e-06	0.31	0	0	9.046	0	6.954
tree872	-45.0193	1e-06	0.31	0	0	8.167	0	7.833
tree873	-47.91	1e-06	0.31	0	0	8.689	0	7.311
tree874	-48.9738	1e-06	0.31	0	0	8.912	0	7.088
tree875	-46.7468	1e-06	0.31	0	0	8.231	0	7.769
tree876	-46.1871	1e-06	0.295986	0	0	7.509	0	8.491
tree877	-47.985	1e-06	0.31	0	0	8.741	0	7.259
tree878	-47.985	1e-06	0.31	0	0	8.703	0	7.297
tree879	-48.7794	1e-06	0.31	0	0	8.902	0	7.098
tree880	-41.6054	1e-06	0.21	0	0	6.083	0	9.917
tree881	-48.7836	1e-06	0.31	0	0	8.748	0	7.252
tree882	-47.91	1e-06	0.31	0	0	8.696	0	7.304
tree883	-48.9738	1e-06	0.31	0	0	8.862	0	7.138
tree884	-48.2203	1e-06	0.31	0	0	8.548	0	7.452
tree885	-47.985	1e-06	0.31	0	0	8.751	0	7.249
tree886	-48.9738	1e-06	0.31	0	0	8.859	0	7.141
tree887	-48.9738	1e-06	0.31	0	0	8.834	0	7.166
tree888	-48.9738	1e-06	0.31	0	0	8.879	0	7.121
tree889	-47.9082	1e-06	0.31	0	0	8.766	0	7.234
tree890	-42.7907	1e-06	0.21	0	0	6.272	0	9.728
tree891	-47.8385	1e-06	0.31	0	0	8.729	0	7.271
tree892	-48.9738	1e-06	0.31	0	0	8.846	0	7.154
tree893	-48.7836	1e-06	0.31	0	0	8.802	0	7.198
tree894	-48.7794	1e-06	0.31	0	0	8.977	0	7.023
tree895	-49.2257	1e-06	0.31	0	0	9.109	0	6.891
tree896	-48.7836	1e-06	0.31	0	0	8.827	0	7.173
tree897	-48.7794	1e-06	0.31	0	0	8.932	0	7.068
tree898	-46.0646	1e-06	0.31	0	0	8.109	0	7.891
tree899	-47.985	1e-06	0.31	0	0	8.747	0	7.253
tree900	-42.6105	1e-06	0.21	0	0	6.279	0	9.721
tree901	-44.7214	1e-06	0.31	0	0	7.769	0	8.231
tree902	-47.91	1e-06	0.31	0	0	8.645	0	7.355
tree903	-46.0424	1e-06	0.287319	0	0	7.365	0	8.635
tree904	-47.985	1e-06	0.31	0	0	8.725	0	7.275
tree905	-47.985	1e-06	0.31	0	0	8.728	0	7.272
tree906	-45.7282	1e-06	0.31	0	0	7.901	0	8.099
tree907	-45.0193	1e-06	0.31	0	0	8.165	0	7.835
tree908	-48.7836	1e-06	0.31	0	0	8.743	0	7.257
tree909	-48.9738	1e-06	0.31	0	0	8.837	0	7.163
tree910	-42.6105	1e-06	0.21	0	0	6.289	0	9.711
tree911	-48.9738	1e-06	0.31	0	0	8.912	0	7.088
tree912	-46.0413	1e-06	0.31	0	0	8.14	0	7.86
tree913	-48.3105	1e-06	0.31	0	0	9.164	0	6.836
tree914	-48.9738	1e-06	0.31	0	0	8.837	0	7.163
tree915	-48.9738	1e-06	0.31	0	0	8.852	0	7.148
tree916	-48.9738	1e-06	0.31	0	0	8.848	0	7.152
tree917	-48.9738	1e-06	0.31	0	0	8.869	0	7.131
tree918	-48.9738	1e-06	0.31	0	0	8.841	0	7.159
tree919	-48.7794	1e-06	0.31	0	0	8.921	0	7.079
tree920	-48.9738	1e-06	0.31	0	0	8.859	0	7.141
tree921	-47.985	1e-06	0.31	0	0	8.747	0	7.253
tree922	-45.7282	1e-06	0.31	0	0	7.926	0	8.074
tree923	-44.7214	1e-06	0.31	0	0	7.76	0	8.24
tree924	-48.3105	1e-06	0.31	0	0	9.105	0	6.895
tree925	-48.7836	1e-06	0.31	0	0	8.774	0	7.226
tree926	-48.3105	1e-06	0.31	0	0	9.112	0	6.888
tree927	-44.7214	1e-06	0.31	0	0	7.721	0	8.279
tree928	-48.7794	1e-06	0.31	0	0	8.926	0	7.074
tree929	-48.7836	1e-06	0.31	0	0	8.752	0	7.248
tree930	-48.208	1e-06	0.31	0	0	9.068	0	6.932
tree931	-41.6055	1e-06	0.21	0	0	6.089	0	9.911
tree932	-46.7245	1e-06	0.31	0	0	8.189	0	7.811
tree933	-47.91	1e-06	0.31	0	0	8.7	0	7.3
tree934	-49.2257	1e-06	0.31	0	0	9.109	0	6.891
tree935	-47.985	1e-06	0.31	0	0	8.732	0	7.268
tree936	-48.9738	1e-06	0.31	0	0	8.854	0	7.146
tree937	-47.9082	1e-06	0.31	0	0	8.775	0	7.225
tree938	-47.9082	1e-06	0.31	0	0	8.757	0	7.243
tree939	-48.9738	1e-06	0.31	0	0	8.832	0	7.168
tree940	-48.9738	1e-06	0.31	0	0	8.823	0	7.177
tree941	-48.9738	1e-06	0.31	0	0	8.856	0	7.144
tree942	-47.985	1e-06	0.31	0	0	8.712	0	7.288
tree943	-45.7282	1e-06	0.31	0	0	7.874	0	8.126
tree944	-47.8385	1e-06	0.31	0	0	8.745	0	7.255
tree945	-50.2566	1e-06	0.31	0	0	9.234	0	6.766
tree946	-48.9738	1e-06	0.31	0	0	8.891	0	7.109
tree947	-48.7836	1e-06	0.31	0	0	8.727	0	7.273
tree948	-48.9738	1e-06	0.31	0	0	8.869	0	7.131
tree949	-48.7836	1e-06	0.31	0	0	8.817	0	7.183
tree950	-46.0413	1e-06	0.31	0	0	8.144	0	7.856
tree951	-46.7468	1e-06	0.31	0	0	8.223	0	7.777
tree952	-46.0424	1e-06	0.287319	0	0	7.386	0	8.614
tree953	-48.9738	1e-06	0.31	0	0	8.873	0	7.127
tree954	-48.9738	1e-06	0.31	0	0	8.887	0	7.113
tree955	-48.9738	1e-06	0.31	0	0	8.829	0	7.171
tree956	-47.985	1e-06	0.31	0	0	8.745	0	7.255
tree957	-48.9738	1e-06	0.31	0	0	8.901	0	7.099
tree958	-48.7794	1e-06	0.31	0	0	8.956	0	7.044
tree959	-48.9738	1e-06	0.31	0	0	8.837	0	7.163
tree960	-48.9738	1e-06	0.31	0	0	8.825	0	7.175
tree961	-47.91	1e-06	0.31	0	0	8.702	0	7.298
tree962	-48.9738	1e-06	0.31	0	0	8.848	0	7.152
tree963	-48.7794	1e-06	0.31	0	0	8.966	0	7.034
tree964	-46.0413	1e-06	0.31	0	0	8.166	0	7.834
tree965	-48.7794	1e-06	0.31	0	0	8.922	0	7.078
tree966	-47.985	1e-06	0.31	0	0	8.736	0	7.264
tree967	-48.7794	1e-06	0.31	0	0	8.959	0	7.041
tree968	-48.9738	1e-06	0.31	0	0	8.846	0	7.154
tree969	-48.7794	1e-06	0.31	0	0	8.937	0	7.063
tree970	-48.9738	1e-06	0.31	0	0	8.848	0	7.152
tree971	-48.7836	1e-06	0.31	0	0	8.762	0	7.238
tree972	-48.7836	1e-06	0.31	0	0	8.752	0	7.248
tree973	-47.91	1e-06	0.31	0	0	8.681	0	7.319
tree974	-48.9738	1e-06	0.31	0	0	8.85	0	7.15
tree975	-48.7836	1e-06	0.31	0	0	8.762	0	7.238
tree976	-48.9738	1e-06	0.31	0	0	8.836	0	7.164
tree977	-48.7836	1e-06	0.31	0	0	8.793	0	7.207
tree978	-45.7282	1e-06	0.31	0	0	7.938	0	8.062
tree979	-48.9738	1e-06	0.31	0	0	8.938	0	7.062
tree980	-47.9082	1e-06	0.31	0	0	8.733	0	7.267
tree981	-47.9082	1e-06	0.31	0	0	8.771	0	7.229
tree982	-48.9738	1e-06	0.31	0	0	8.87	0	7.13
tree983	-45.7282	1e-06	0.31	0	0	7.938	0	8.062
tree984	-52.2751	1e-06	0.51	0	0	9.97	0	6.03
tree985	-48.7836	1e-06	0.31	0	0	8.786	0	7.214
tree986	-48.7836	1e-06	0.31	0	0	8.798	0	7.202
tree987	-48.7836	1e-06	0.31	0	0	8.743	0	7.257
tree988	-45.7282	1e-06	0.31	0	0	7.965	0	8.035
tree989	-48.7836	1e-06	0.31	0	0	8.792	0	7.208
tree990	-48.9738	1e-06	0.31	0	0	8.885	0	7.115
tree991	-46.0413	1e-06	0.31	0	0	8.159	0	7.841
tree992	-47.91	1e-06	0.31	0	0	8.7	0	7.3
tree993	-48.7836	1e-06	0.31	0	0	8.745	0	7.255
tree994	-45.7282	1e-06	0.31	0	0	7.874	0	8.126
tree995	-47.985	1e-06	0.31	0	0	8.686	0	7.314
tree996	-48.9738	1e-06	0.31	0	0	8.862	0	7.138
tree997	-45.5349	1e-06	0.31	0	0	7.923	0	8.077
tree998	-47.985	1e-06	0.31	0	0	8.721	0	7.279
tree999	-45.7282	1e-06	0.31	0	0	7.874	0	8.126
