SpTree	logl	delta	tau	lambda	duplications	transfers	losses	speciations
tree0	-44.6301	0	0.24556	0.17606	0	7.413	3.345	11.932
tree1	-44.6971	0	0.184677	0.192338	0	6.616	5.079	14.463
tree2	-45.9169	0	0.24419	0.209178	0	7.507	4.552	13.045
tree3	-45.9446	0	0.247154	0.205827	0	7.51	4.352	12.842
tree4	-44.2646	0	0.195701	0.178185	0	6.451	4.39	13.939
tree5	-45.3184	0	0.253476	0.163524	0	7.175	3.506	12.331
tree6	-44.2646	0	0.195701	0.178185	0	6.375	4.42	14.045
tree7	-44.1639	0	0.215064	0.175447	0	6.748	3.918	13.17
tree8	-45.3304	0	0.189079	0.198656	0	5.832	4.974	15.142
tree9	-44.2646	0	0.195701	0.178185	0	6.391	4.379	13.988
tree10	-43.8947	0	0.247105	0.136115	0	7.034	2.728	11.694
tree11	-43.585	0	0.182127	0.133991	0	5.972	3.496	13.524
tree12	-44.2684	0	0.256424	0.14095	0	7.266	2.648	11.382
tree13	-42.5906	0	0.15081	0.153436	0	4.61	4.238	15.628
tree14	-43.7967	0	0.159149	0.163532	0	4.924	4.404	15.48
tree15	-42.3111	0	0.147972	0.14542	0	4.525	3.903	15.378
tree16	-45.4268	0	0.218513	0.211321	0	7.076	4.928	13.852
tree17	-45.0351	0	0.204686	0.201772	0	7.052	4.916	13.864
tree18	-45.1101	0	0.207411	0.198402	0	6.964	4.77	13.806
tree19	-45.0936	0	0.237035	0.197529	0	7.457	4.201	12.744
tree20	-45.0154	0	0.216724	0.195202	0	7.125	4.454	13.329
tree21	-45.2291	0	0.238114	0.142853	0	6.879	3.083	12.204
tree22	-44.1358	0	0.229289	0.147502	0	7.608	2.922	11.314
tree23	-44.2646	0	0.195701	0.178185	0	6.518	4.394	13.876
tree24	-44.4806	0	0.207961	0.18759	0	6.793	4.531	13.738
tree25	-44.0724	0	0.252984	0.126284	0	6.977	2.663	11.686
tree26	-44.1639	0	0.215064	0.175447	0	6.906	3.988	13.082
tree27	-44.0877	0	0.237203	0.145875	0	6.885	2.999	12.114
tree28	-42.134	0	0.155974	0.14042	0	4.634	3.707	15.073
tree29	-44.2646	0	0.195701	0.178185	0	6.495	4.339	13.844
tree30	-44.1346	0	0.22768	0.177373	0	6.857	3.953	13.096
tree31	-43.5315	0	0.184464	0.221719	0	6.673	5.491	14.818
tree32	-48.5476	0	0.278608	0.158146	0	8.29	2.908	10.618
tree33	-42.3111	0	0.147972	0.14542	0	4.528	3.907	15.379
tree34	-43.7804	0	0.246956	0.133827	0	6.913	2.75	11.837
tree35	-44.7465	0	0.248102	0.189143	0	7.523	3.765	12.242
tree36	-45.0154	0	0.216724	0.195202	0	7.134	4.509	13.375
tree37	-43.5863	0	0.23925	0.147016	0	6.81	3.168	12.358
tree38	-43.5582	0	0.159522	0.16018	0	4.925	4.324	15.399
tree39	-42.3695	0	0.149632	0.146275	0	4.547	3.873	15.326
tree40	-44.5408	0	0.240802	0.154218	0	7.39	3.165	11.775
tree41	-44.4806	0	0.207961	0.18759	0	6.79	4.408	13.618
tree42	-43.5106	0	0.268984	0.0317878	0	7.125	0.697	9.572
tree43	-42.5906	0	0.15081	0.153436	0	4.621	4.219	15.598
tree44	-41.5472	0	0.142739	0.0955452	0	4.308	2.508	14.2
tree45	-45.3115	0	0.219431	0.197195	0	7.208	4.611	13.403
tree46	-45.9107	0	0.227506	0.196731	0	7.369	4.437	13.068
tree47	-42.3111	0	0.147972	0.14542	0	4.475	3.879	15.404
tree48	-43.527	0	0.213786	0.160701	0	7.204	3.463	12.259
tree49	-40.4505	0	0.170377	0.144464	0	5.843	3.749	13.906
tree50	-46.1319	0	0.218633	0.204299	0	6.559	4.732	14.173
tree51	-41.1502	0	0.195128	0.0723063	0	6.111	1.164	11.053
tree52	-42.5906	0	0.15081	0.153436	0	4.629	4.275	15.646
tree53	-45.7821	0	0.236794	0.203217	0	7.531	4.282	12.751
tree54	-45.9107	0	0.227506	0.196731	0	7.435	4.458	13.023
tree55	-45.9107	0	0.227506	0.196731	0	7.535	4.507	12.972
tree56	-44.9085	0	0.239558	0.195271	0	7.527	3.989	12.462
tree57	-43.5863	0	0.23925	0.147016	0	6.821	3.117	12.296
tree58	-45.2314	0	0.199607	0.210295	0	6.976	5.299	14.323
tree59	-43.1806	0	0.220156	0.171679	0	7.692	3.184	11.492
tree60	-44.2646	0	0.195701	0.178185	0	6.509	4.354	13.845
tree61	-44.1639	0	0.215064	0.175447	0	6.768	4.008	13.24
tree62	-46.1319	0	0.218633	0.204299	0	6.675	4.658	13.983
tree63	-45.7821	0	0.236794	0.203217	0	7.558	4.457	12.899
tree64	-42.3111	0	0.147972	0.14542	0	4.503	3.928	15.425
tree65	-45.0351	0	0.204686	0.201772	0	6.993	4.937	13.944
tree66	-45.7821	0	0.236794	0.203217	0	7.628	4.354	12.726
tree67	-43.7804	0	0.246956	0.133827	0	6.884	2.825	11.941
tree68	-45.0154	0	0.216724	0.195202	0	7.118	4.349	13.231
tree69	-44.2942	0	0.181631	0.1932	0	6.373	5.328	14.955
tree70	-43.6207	0	0.162214	0.159823	0	4.99	4.32	15.33
tree71	-45.0154	0	0.216724	0.195202	0	7.064	4.466	13.402
tree72	-45.0154	0	0.216724	0.195202	0	7.145	4.391	13.246
tree73	-44.1346	0	0.22768	0.177373	0	6.833	3.912	13.079
tree74	-44.1639	0	0.215064	0.175447	0	6.793	3.879	13.086
tree75	-44.1639	0	0.215064	0.175447	0	6.78	4	13.22
tree76	-44.2942	0	0.181631	0.1932	0	6.368	5.192	14.824
tree77	-45.2314	0	0.199607	0.210295	0	6.789	5.396	14.607
tree78	-44.0724	0	0.252984	0.126284	0	7.052	2.633	11.581
tree79	-44.9898	0	0.252342	0.136144	0	7.66	2.618	10.958
tree80	-45.9446	0	0.247154	0.205827	0	7.525	4.44	12.915
tree81	-45.9446	0	0.247154	0.205827	0	7.523	4.365	12.842
tree82	-46.1319	0	0.218633	0.204299	0	6.583	4.631	14.048
tree83	-42.3111	0	0.147972	0.14542	0	4.526	3.902	15.376
tree84	-44.2942	0	0.181631	0.1932	0	6.409	5.247	14.838
tree85	-43.7804	0	0.246956	0.133827	0	6.94	2.827	11.887
tree86	-42.3111	0	0.147972	0.14542	0	4.518	3.932	15.414
tree87	-41.7456	0	0.187002	0.178722	0	6.486	4.465	13.979
tree88	-44.2942	0	0.181631	0.1932	0	6.264	5.317	15.053
tree89	-42.7906	0	0.21	1e-06	0	6.284	0	9.716
tree90	-44.8753	0	0.245471	0.16042	0	7.539	3.042	11.503
tree91	-45.3304	0	0.189079	0.198656	0	5.854	4.963	15.109
tree92	-44.4806	0	0.207961	0.18759	0	6.828	4.561	13.733
tree93	-44.7465	0	0.248102	0.189143	0	7.505	3.812	12.307
tree94	-42.6055	0	0.206614	0.149026	0	6.681	2.727	12.046
tree95	-45.9446	0	0.247154	0.205827	0	7.457	4.363	12.906
tree96	-44.1639	0	0.215064	0.175447	0	6.689	4.025	13.336
tree97	-44.1639	0	0.215064	0.175447	0	6.719	3.998	13.279
tree98	-42.3111	0	0.147972	0.14542	0	4.521	3.936	15.415
tree99	-45.0154	0	0.216724	0.195202	0	7.102	4.39	13.288
tree100	-44.1346	0	0.22768	0.177373	0	6.847	3.928	13.081
tree101	-43.9	0	0.250467	0.135226	0	7.346	2.693	11.347
tree102	-44.2646	0	0.195701	0.178185	0	6.403	4.427	14.024
tree103	-46.4465	0	0.263982	0.214895	0	8.055	4.175	12.12
tree104	-45.3304	0	0.189079	0.198656	0	5.788	4.941	15.153
tree105	-47.166	0	0.163192	0.162748	0	4.97	4.374	15.404
tree106	-32.8786	0	0.140196	1e-06	0	4.048	0	11.952
tree107	-44.1639	0	0.215064	0.175447	0	6.806	3.986	13.18
tree108	-43.2304	0	0.175936	0.175658	0	5.707	4.245	14.538
tree109	-46.4465	0	0.263982	0.214895	0	8.101	4.037	11.936
tree110	-42.1286	0	0.177242	0.126121	0	5.733	3.296	13.563
tree111	-44.1639	0	0.215064	0.175447	0	6.724	3.957	13.233
tree112	-42.7906	0	0.21	1e-06	0	6.32	0	9.68
tree113	-45.0154	0	0.216724	0.195202	0	7.156	4.492	13.336
tree114	-44.2646	0	0.195701	0.178185	0	6.515	4.343	13.828
tree115	-43.1657	0	0.221852	0.119122	0	6.239	2.684	12.445
tree116	-42.2539	0	0.223858	0.0984806	0	6.732	1.784	11.052
tree117	-45.3951	0	0.2072	0.200049	0	7.178	4.893	13.715
tree118	-44.6971	0	0.184677	0.192338	0	6.638	5.078	14.44
tree119	-44.0724	0	0.252984	0.126284	0	7.044	2.682	11.638
tree120	-44.1639	0	0.215064	0.175447	0	6.738	3.963	13.225
tree121	-43.7804	0	0.246956	0.133827	0	6.893	2.845	11.952
tree122	-42.3111	0	0.147972	0.14542	0	4.496	3.911	15.415
tree123	-44.1476	0	0.249486	0.137556	0	7.459	2.627	11.168
tree124	-43.7967	0	0.159149	0.163532	0	4.85	4.397	15.547
tree125	-44.2646	0	0.195701	0.178185	0	6.392	4.485	14.093
tree126	-42.9526	0	0.172261	0.211802	0	7.717	5.237	13.52
tree127	-45.7821	0	0.236794	0.203217	0	7.626	4.265	12.639
tree128	-44.2646	0	0.195701	0.178185	0	6.45	4.39	13.94
tree129	-46.1319	0	0.218633	0.204299	0	6.605	4.653	14.048
tree130	-43.527	0	0.213786	0.160701	0	7.233	3.439	12.206
tree131	-46.6795	0	0.263602	0.215243	0	8.009	4.252	12.243
tree132	-44.8536	0	0.227987	0.196073	0	6.985	4.324	13.339
tree133	-44.4476	0	0.212537	0.151159	0	6.177	3.664	13.487
tree134	-45.9446	0	0.247154	0.205827	0	7.575	4.4	12.825
tree135	-43.1069	0	0.177641	0.164605	0	5.655	4.039	14.384
tree136	-44.1639	0	0.215064	0.175447	0	6.844	3.949	13.105
tree137	-44.2942	0	0.181631	0.1932	0	6.343	5.214	14.871
tree138	-44.5044	0	0.275661	0.138414	0	7.457	2.792	11.335
tree139	-42.6105	0	0.21	1e-06	0	6.256	0	9.744
tree140	-43.5582	0	0.159522	0.16018	0	4.959	4.199	15.24
tree141	-45.1101	0	0.207411	0.198402	0	6.89	4.817	13.927
tree142	-44.1358	0	0.229289	0.147502	0	7.474	2.971	11.497
tree143	-44.2646	0	0.195701	0.178185	0	6.483	4.271	13.788
tree144	-45.9446	0	0.247154	0.205827	0	7.454	4.383	12.929
tree145	-42.3111	0	0.147972	0.14542	0	4.51	3.927	15.417
tree146	-42.3111	0	0.147972	0.14542	0	4.553	3.906	15.353
tree147	-43.8947	0	0.247105	0.136115	0	6.962	2.792	11.83
tree148	-45.3304	0	0.189079	0.198656	0	5.771	4.903	15.132
tree149	-42.3111	0	0.147972	0.14542	0	4.495	3.927	15.432
tree150	-43.1069	0	0.177641	0.164605	0	5.551	4.044	14.493
tree151	-43.9323	0	0.206631	0.175402	0	6.876	3.998	13.122
tree152	-43.1419	0	0.175338	0.139842	0	5.315	3.508	14.193
tree153	-45.0936	0	0.237035	0.197529	0	7.604	4.098	12.494
tree154	-45.3304	0	0.189079	0.198656	0	5.862	4.984	15.122
tree155	-43.5582	0	0.159522	0.16018	0	4.926	4.243	15.317
tree156	-44.4476	0	0.212537	0.151159	0	6.107	3.663	13.556
tree157	-44.6971	0	0.184677	0.192338	0	6.5	5.087	14.587
tree158	-45.7055	0	0.260929	0.201577	0	7.708	4.225	12.517
tree159	-43.5582	0	0.159522	0.16018	0	4.929	4.282	15.353
tree160	-45.5525	0	0.186201	0.209043	0	5.714	5.225	15.511
tree161	-38.4624	0	0.140928	0.0969364	0	4.934	2.833	13.899
tree162	-44.1639	0	0.215064	0.175447	0	6.783	3.911	13.128
tree163	-41.2465	0	0.148894	0.120004	0	4.456	3.025	14.569
tree164	-45.3304	0	0.189079	0.198656	0	5.79	4.944	15.154
tree165	-43.5582	0	0.159522	0.16018	0	4.933	4.296	15.363
tree166	-40.7151	0	0.166384	0.148901	0	5.634	3.927	14.293
tree167	-44.2646	0	0.195701	0.178185	0	6.429	4.445	14.016
tree168	-44.2646	0	0.195701	0.178185	0	6.466	4.342	13.876
tree169	-44.2942	0	0.181631	0.1932	0	6.437	5.293	14.856
tree170	-44.2646	0	0.195701	0.178185	0	6.539	4.367	13.828
tree171	-44.4275	0	0.209344	0.212529	0	8.367	4.808	12.441
tree172	-44.2646	0	0.195701	0.178185	0	6.479	4.398	13.919
tree173	-42.3111	0	0.147972	0.14542	0	4.491	3.861	15.37
tree174	-45.7821	0	0.236794	0.203217	0	7.617	4.344	12.727
tree175	-43.7804	0	0.246956	0.133827	0	6.898	2.763	11.865
tree176	-46.4465	0	0.263982	0.214895	0	7.984	4.09	12.106
tree177	-42.7506	0	0.240119	1e-06	0	6.401	0	9.599
tree178	-46.1319	0	0.218633	0.204299	0	6.67	4.714	14.044
tree179	-44.0877	0	0.237203	0.145875	0	6.923	3.122	12.199
tree180	-46.4465	0	0.263982	0.214895	0	8.024	4.089	12.065
tree181	-44.5044	0	0.275661	0.138414	0	7.481	2.772	11.291
tree182	-43.4393	0	0.170714	0.155173	0	5.099	4.105	15.006
tree183	-46.1319	0	0.218633	0.204299	0	6.63	4.624	13.994
tree184	-46.7256	0	0.268289	0.218085	0	8.103	4.312	12.209
tree185	-41.1502	0	0.195128	0.0723063	0	6.1	1.074	10.974
tree186	-44.1639	0	0.215064	0.175447	0	6.745	3.937	13.192
tree187	-43.0657	0	0.183141	0.173802	0	6.881	3.592	12.711
tree188	-43.5582	0	0.159522	0.16018	0	4.887	4.299	15.412
tree189	-43.1657	0	0.221852	0.119122	0	6.278	2.753	12.475
tree190	-43.5582	0	0.159522	0.16018	0	4.919	4.256	15.337
tree191	-44.6056	0	0.214212	0.22043	0	8.062	5.236	13.174
tree192	-43.3231	0	0.186221	0.131872	0	6.021	3.408	13.387
tree193	-43.5582	0	0.159522	0.16018	0	4.875	4.192	15.317
tree194	-44.1639	0	0.215064	0.175447	0	6.734	3.991	13.257
tree195	-45.0154	0	0.216724	0.195202	0	7.103	4.354	13.251
tree196	-45.0154	0	0.216724	0.195202	0	7.017	4.415	13.398
tree197	-42.4285	0	0.153158	0.164941	0	5.672	4.858	15.186
tree198	-43.8947	0	0.247105	0.136115	0	7.07	2.799	11.729
tree199	-43.5582	0	0.159522	0.16018	0	4.879	4.235	15.356
tree200	-46.7256	0	0.268289	0.218085	0	8.143	4.29	12.147
tree201	-45.0351	0	0.204686	0.201772	0	6.975	4.927	13.952
tree202	-44.5408	0	0.240802	0.154218	0	7.338	3.093	11.755
tree203	-46.3246	0	0.238217	0.222836	0	7.471	5.055	13.584
tree204	-44.3539	0	0.256162	0.166129	0	7.393	3.236	11.843
tree205	-45.9446	0	0.247154	0.205827	0	7.514	4.428	12.914
tree206	-43.6973	0	0.202867	0.199516	0	7.817	4.745	12.928
tree207	-43.3549	0	0.213788	0.165371	0	7.087	3.484	12.397
tree208	-44.4806	0	0.207961	0.18759	0	6.796	4.522	13.726
tree209	-44.4726	0	0.204825	0.226092	0	7.356	5.229	13.873
tree210	-42.3111	0	0.147972	0.14542	0	4.525	3.927	15.402
tree211	-42.1178	0	0.158269	0.154379	0	4.906	3.997	15.091
tree212	-44.2646	0	0.195701	0.178185	0	6.451	4.443	13.992
tree213	-44.4797	0	0.261425	0.128884	0	7.506	2.403	10.897
tree214	-43.5582	0	0.159522	0.16018	0	4.915	4.314	15.399
tree215	-45.8643	0	0.221806	0.207578	0	7.402	4.782	13.38
tree216	-44.1145	0	0.239158	0.145854	0	6.926	2.955	12.029
tree217	-45.3304	0	0.189079	0.198656	0	5.839	4.974	15.135
tree218	-46.3246	0	0.238217	0.222836	0	7.499	4.967	13.468
tree219	-41.7456	0	0.187002	0.178722	0	6.455	4.297	13.842
tree220	-41.8103	0	0.147842	0.129919	0	4.559	3.447	14.888
tree221	-45.1101	0	0.207411	0.198402	0	6.971	4.804	13.833
tree222	-44.2646	0	0.195701	0.178185	0	6.485	4.369	13.884
tree223	-45.3115	0	0.219431	0.197195	0	7.076	4.61	13.534
tree224	-45.3115	0	0.219431	0.197195	0	7.041	4.597	13.556
tree225	-44.2942	0	0.181631	0.1932	0	6.377	5.267	14.89
tree226	-44.2199	0	0.249063	0.17539	0	6.954	3.894	12.94
tree227	-45.0154	0	0.216724	0.195202	0	7.144	4.416	13.272
tree228	-43.8947	0	0.247105	0.136115	0	7.082	2.766	11.684
tree229	-43.1657	0	0.221852	0.119122	0	6.297	2.735	12.438
tree230	-37.8728	0	0.182827	1e-06	0	5.092	0	10.908
tree231	-43.9571	0	0.189979	0.190311	0	6.728	4.54	13.812
tree232	-42.3111	0	0.147972	0.14542	0	4.483	3.93	15.447
tree233	-43.1657	0	0.221852	0.119122	0	6.281	2.758	12.477
tree234	-45.0351	0	0.204686	0.201772	0	6.988	4.82	13.832
tree235	-44.1358	0	0.229289	0.147502	0	7.413	2.988	11.575
tree236	-42.3111	0	0.147972	0.14542	0	4.535	3.925	15.39
tree237	-44.2646	0	0.195701	0.178185	0	6.49	4.324	13.834
tree238	-44.2646	0	0.195701	0.178185	0	6.327	4.451	14.124
tree239	-42.1304	0	0.221336	0.113811	0	6.853	2.09	11.237
tree240	-44.2299	0	0.208136	0.212272	0	8.237	4.883	12.646
tree241	-45.9169	0	0.24419	0.209178	0	7.405	4.53	13.125
tree242	-45.0154	0	0.216724	0.195202	0	7.143	4.415	13.272
tree243	-44.2199	0	0.249063	0.17539	0	6.931	3.841	12.91
tree244	-42.3111	0	0.147972	0.14542	0	4.525	3.882	15.357
tree245	-44.2646	0	0.195701	0.178185	0	6.533	4.422	13.889
tree246	-44.2646	0	0.195701	0.178185	0	6.471	4.403	13.932
tree247	-42.3111	0	0.147972	0.14542	0	4.494	3.921	15.427
tree248	-45.0154	0	0.216724	0.195202	0	7.111	4.426	13.315
tree249	-43.5582	0	0.159522	0.16018	0	4.976	4.181	15.205
tree250	-44.1639	0	0.215064	0.175447	0	6.782	3.925	13.143
tree251	-44.2646	0	0.195701	0.178185	0	6.452	4.376	13.924
tree252	-43.1657	0	0.221852	0.119122	0	6.273	2.716	12.443
tree253	-44.2646	0	0.195701	0.178185	0	6.414	4.385	13.971
tree254	-44.1639	0	0.215064	0.175447	0	6.792	3.99	13.198
tree255	-43.5582	0	0.159522	0.16018	0	4.835	4.266	15.431
tree256	-44.2646	0	0.195701	0.178185	0	6.548	4.369	13.821
tree257	-45.3115	0	0.219431	0.197195	0	7.123	4.56	13.437
tree258	-42.5698	0	0.147679	0.176386	0	5.575	5.23	15.655
tree259	-46.3246	0	0.238217	0.222836	0	7.367	5.015	13.648
tree260	-42.3111	0	0.147972	0.14542	0	4.601	3.925	15.324
tree261	-45.0154	0	0.216724	0.195202	0	7.181	4.412	13.231
tree262	-44.1639	0	0.215064	0.175447	0	6.753	3.913	13.16
tree263	-45.3115	0	0.219431	0.197195	0	7.083	4.581	13.498
tree264	-43.1657	0	0.221852	0.119122	0	6.286	2.687	12.401
tree265	-45.1101	0	0.207411	0.198402	0	6.991	4.816	13.825
tree266	-44.2646	0	0.195701	0.178185	0	6.512	4.359	13.847
tree267	-45.3304	0	0.189079	0.198656	0	5.738	4.89	15.152
tree268	-43.5582	0	0.159522	0.16018	0	4.932	4.199	15.267
tree269	-45.9169	0	0.24419	0.209178	0	7.471	4.418	12.947
tree270	-44.2646	0	0.195701	0.178185	0	6.461	4.365	13.904
tree271	-44.462	0	0.2609	0.150648	0	7.381	2.972	11.591
tree272	-43.3805	0	0.16293	0.159716	0	5.037	4.106	15.069
tree273	-42.3111	0	0.147972	0.14542	0	4.511	3.914	15.403
tree274	-44.1639	0	0.215064	0.175447	0	6.722	4.019	13.297
tree275	-44.2646	0	0.195701	0.178185	0	6.366	4.31	13.944
tree276	-45.2291	0	0.238114	0.142853	0	6.867	3.093	12.226
tree277	-44.2942	0	0.181631	0.1932	0	6.391	5.314	14.923
tree278	-44.1639	0	0.215064	0.175447	0	6.684	3.924	13.24
tree279	-44.2646	0	0.195701	0.178185	0	6.497	4.335	13.838
tree280	-46.4465	0	0.263982	0.214895	0	8.097	4.204	12.107
tree281	-44.1639	0	0.215064	0.175447	0	6.719	4.008	13.289
tree282	-42.2539	0	0.223858	0.0984806	0	6.778	1.77	10.992
tree283	-45.3115	0	0.219431	0.197195	0	7.146	4.625	13.479
tree284	-43.8958	0	0.201821	0.209458	0	6.811	5.058	14.247
tree285	-42.3111	0	0.147972	0.14542	0	4.533	3.899	15.366
tree286	-45.3304	0	0.189079	0.198656	0	5.838	4.984	15.146
tree287	-46.5522	0	0.279336	0.215723	0	8.135	4.337	12.202
tree288	-44.1639	0	0.215064	0.175447	0	6.732	3.977	13.245
tree289	-42.3111	0	0.147972	0.14542	0	4.557	3.879	15.322
tree290	-43.1657	0	0.221852	0.119122	0	6.277	2.773	12.496
tree291	-44.9085	0	0.239558	0.195271	0	7.56	3.945	12.385
tree292	-45.3304	0	0.189079	0.198656	0	5.83	4.962	15.132
tree293	-45.3115	0	0.219431	0.197195	0	7.136	4.498	13.362
tree294	-45.7821	0	0.236794	0.203217	0	7.566	4.352	12.786
tree295	-43.5582	0	0.159522	0.16018	0	4.932	4.23	15.298
tree296	-44.8753	0	0.245471	0.16042	0	7.519	3.134	11.615
tree297	-45.3115	0	0.219431	0.197195	0	7.09	4.586	13.496
tree298	-42.3111	0	0.147972	0.14542	0	4.542	3.866	15.324
tree299	-44.5408	0	0.240802	0.154218	0	7.432	3.014	11.582
tree300	-44.0724	0	0.252984	0.126284	0	7.016	2.593	11.577
tree301	-42.3111	0	0.147972	0.14542	0	4.456	3.879	15.423
tree302	-44.3214	0	0.22027	0.153577	0	6.522	3.649	13.127
tree303	-45.3115	0	0.219431	0.197195	0	7.162	4.645	13.483
tree304	-44.0724	0	0.252984	0.126284	0	6.994	2.629	11.635
tree305	-40.7422	0	0.197779	0.120324	0	6.409	2.917	12.508
tree306	-44.2646	0	0.195701	0.178185	0	6.427	4.452	14.025
tree307	-44.3214	0	0.22027	0.153577	0	6.522	3.633	13.111
tree308	-42.8214	0	0.155883	0.158132	0	5.7	4.507	14.807
tree309	-44.1346	0	0.22768	0.177373	0	6.774	3.961	13.187
tree310	-44.2942	0	0.181631	0.1932	0	6.369	5.206	14.837
tree311	-44.1639	0	0.215064	0.175447	0	6.864	4.004	13.14
tree312	-45.9446	0	0.247154	0.205827	0	7.509	4.353	12.844
tree313	-43.1657	0	0.221852	0.119122	0	6.232	2.817	12.585
tree314	-44.6061	0	0.20157	0.210015	0	7.192	4.617	13.425
tree315	-43.469	0	0.261782	0.105182	0	7.357	1.861	10.504
tree316	-45.3115	0	0.219431	0.197195	0	7.104	4.651	13.547
tree317	-42.8956	0	0.212123	0.127785	0	6.163	2.821	12.658
tree318	-46.2554	0	0.220614	0.206135	0	6.731	4.645	13.914
tree319	-44.2646	0	0.195701	0.178185	0	6.424	4.401	13.977
tree320	-43.9631	0	0.223684	0.194122	0	7.619	4.169	12.55
tree321	-44.5115	0	0.212881	0.214624	0	8.24	5.196	12.956
tree322	-44.2646	0	0.195701	0.178185	0	6.502	4.475	13.973
tree323	-45.9446	0	0.247154	0.205827	0	7.539	4.354	12.815
tree324	-46.1319	0	0.218633	0.204299	0	6.623	4.741	14.118
tree325	-40.7151	0	0.166384	0.148901	0	5.696	3.96	14.264
tree326	-43.3805	0	0.16293	0.159716	0	5.088	4.131	15.043
tree327	-43.7967	0	0.159149	0.163532	0	4.878	4.381	15.503
tree328	-44.5044	0	0.275661	0.138414	0	7.432	2.74	11.308
tree329	-44.2646	0	0.195701	0.178185	0	6.556	4.4	13.844
tree330	-43.527	0	0.213786	0.160701	0	7.171	3.479	12.308
tree331	-45.0936	0	0.237035	0.197529	0	7.51	4.239	12.729
tree332	-44.6085	0	0.217779	0.145211	0	6.292	3.455	13.163
tree333	-41.5472	0	0.142739	0.0955452	0	4.298	2.584	14.286
tree334	-42.454	0	0.159108	0.161507	0	4.852	4.284	15.432
tree335	-42.9555	0	0.190543	0.126023	0	6.159	2.83	12.671
tree336	-45.0351	0	0.204686	0.201772	0	6.916	4.874	13.958
tree337	-45.7237	0	0.233808	0.19378	0	7.526	4.104	12.578
tree338	-39.9047	0	0.145612	0.0916919	0	4.419	2.329	13.91
tree339	-46.4465	0	0.263982	0.214895	0	8.132	4.216	12.084
tree340	-45.0154	0	0.216724	0.195202	0	7.044	4.427	13.383
tree341	-46.4985	0	0.215826	0.207265	0	6.566	4.798	14.232
tree342	-44.2646	0	0.195701	0.178185	0	6.496	4.346	13.85
tree343	-43.5582	0	0.159522	0.16018	0	4.848	4.223	15.375
tree344	-44.1639	0	0.215064	0.175447	0	6.821	3.963	13.142
tree345	-44.462	0	0.2609	0.150648	0	7.366	2.964	11.598
tree346	-45.3304	0	0.189079	0.198656	0	5.81	4.982	15.172
tree347	-39.056	0	0.14775	0.0948362	0	5.045	1.974	12.929
tree348	-44.1639	0	0.215064	0.175447	0	6.744	3.952	13.208
tree349	-45.9446	0	0.247154	0.205827	0	7.462	4.349	12.887
tree350	-44.1639	0	0.215064	0.175447	0	6.755	3.944	13.189
tree351	-45.3304	0	0.189079	0.198656	0	5.754	4.913	15.159
tree352	-44.2646	0	0.195701	0.178185	0	6.441	4.381	13.94
tree353	-45.9446	0	0.247154	0.205827	0	7.541	4.342	12.801
tree354	-44.2646	0	0.195701	0.178185	0	6.434	4.314	13.88
tree355	-43.5863	0	0.23925	0.147016	0	6.84	3.112	12.272
tree356	-45.9169	0	0.24419	0.209178	0	7.474	4.556	13.082
tree357	-44.1639	0	0.215064	0.175447	0	6.829	4.012	13.183
tree358	-43.5863	0	0.23925	0.147016	0	6.832	3.11	12.278
tree359	-43.4109	0	0.193401	0.175746	0	6.668	4.205	13.537
tree360	-45.8643	0	0.221806	0.207578	0	7.429	4.708	13.279
tree361	-43.5582	0	0.159522	0.16018	0	4.932	4.276	15.344
tree362	-43.5863	0	0.23925	0.147016	0	6.718	3.186	12.468
tree363	-42.4079	0	0.175089	0.122502	0	5.868	3.289	13.421
tree364	-42.1304	0	0.221336	0.113811	0	6.774	2.09	11.316
tree365	-45.9446	0	0.247154	0.205827	0	7.455	4.409	12.954
tree366	-43.9323	0	0.206631	0.175402	0	6.817	3.899	13.082
tree367	-45.7616	0	0.21	0.199999	0	6.026	5.052	15.026
tree368	-44.1639	0	0.215064	0.175447	0	6.729	3.962	13.233
tree369	-43.6207	0	0.162214	0.159823	0	4.933	4.258	15.325
tree370	-44.2646	0	0.195701	0.178185	0	6.444	4.425	13.981
tree371	-44.2646	0	0.195701	0.178185	0	6.446	4.353	13.907
tree372	-45.7821	0	0.236794	0.203217	0	7.668	4.41	12.742
tree373	-41.3536	0	0.144568	0.111631	0	4.356	2.939	14.583
tree374	-43.8164	0	0.159589	0.166696	0	4.869	4.519	15.65
tree375	-46.1319	0	0.218633	0.204299	0	6.549	4.758	14.209
tree376	-44.1639	0	0.215064	0.175447	0	6.778	3.945	13.167
tree377	-43.5582	0	0.159522	0.16018	0	4.91	4.27	15.36
tree378	-45.0154	0	0.216724	0.195202	0	7.045	4.455	13.41
tree379	-45.8643	0	0.221806	0.207578	0	7.346	4.726	13.38
tree380	-45.3951	0	0.2072	0.200049	0	7.16	4.857	13.697
tree381	-43.6207	0	0.162214	0.159823	0	4.912	4.236	15.324
tree382	-44.1346	0	0.22768	0.177373	0	6.879	3.952	13.073
tree383	-45.4755	0	0.274258	0.143017	0	7.692	2.728	11.036
tree384	-43.3805	0	0.16293	0.159716	0	5.062	4.123	15.061
tree385	-44.5408	0	0.240802	0.154218	0	7.382	3.056	11.674
tree386	-43.759	0	0.19775	0.213355	0	6.68	5.219	14.539
tree387	-46.577	0	0.21041	0.22121	0	6.53	5.507	14.977
tree388	-45.9446	0	0.247154	0.205827	0	7.625	4.347	12.722
tree389	-43.5863	0	0.23925	0.147016	0	6.836	3.145	12.309
tree390	-43.5582	0	0.159522	0.16018	0	4.841	4.257	15.416
tree391	-45.5116	0	0.257716	0.159522	0	8.031	2.569	10.538
tree392	-44.2646	0	0.195701	0.178185	0	6.424	4.423	13.999
tree393	-42.5906	0	0.15081	0.153436	0	4.593	4.244	15.651
tree394	-45.0154	0	0.216724	0.195202	0	7.052	4.394	13.342
tree395	-43.9323	0	0.206631	0.175402	0	6.9	3.843	12.943
tree396	-46.3081	0	0.279034	0.155206	0	7.897	2.972	11.075
tree397	-40.7151	0	0.166384	0.148901	0	5.649	3.878	14.229
tree398	-45.7821	0	0.236794	0.203217	0	7.562	4.259	12.697
tree399	-45.7821	0	0.236794	0.203217	0	7.493	4.313	12.82
tree400	-45.3115	0	0.219431	0.197195	0	7.16	4.502	13.342
tree401	-44.2646	0	0.195701	0.178185	0	6.484	4.491	14.007
tree402	-39.5718	0	0.152773	0.154052	0	5.27	4.151	14.881
tree403	-44.9144	0	0.230307	0.187856	0	7.473	3.922	12.449
tree404	-45.2203	0	0.261418	0.189512	0	7.397	4.007	12.61
tree405	-45.3304	0	0.189079	0.198656	0	5.838	4.905	15.067
tree406	-44.3214	0	0.22027	0.153577	0	6.422	3.606	13.184
tree407	-46.2878	0	0.209878	0.20614	0	6.38	4.797	14.417
tree408	-45.0154	0	0.216724	0.195202	0	7.18	4.436	13.256
tree409	-44.1639	0	0.215064	0.175447	0	6.714	3.989	13.275
tree410	-46.8045	0	0.218311	0.226837	0	6.746	5.399	14.653
tree411	-45.0351	0	0.204686	0.201772	0	6.935	5.038	14.103
tree412	-45.1355	0	0.23776	0.201732	0	7.636	4.176	12.54
tree413	-44.2646	0	0.195701	0.178185	0	6.413	4.5	14.087
tree414	-45.0154	0	0.216724	0.195202	0	7.096	4.538	13.442
tree415	-44.2646	0	0.195701	0.178185	0	6.387	4.33	13.943
tree416	-45.3115	0	0.219431	0.197195	0	7.13	4.549	13.419
tree417	-44.5408	0	0.240802	0.154218	0	7.491	3.091	11.6
tree418	-44.0724	0	0.252984	0.126284	0	7.076	2.685	11.609
tree419	-42.3111	0	0.147972	0.14542	0	4.519	3.87	15.351
tree420	-43.5582	0	0.159522	0.16018	0	4.877	4.267	15.39
tree421	-44.2646	0	0.195701	0.178185	0	6.369	4.339	13.97
tree422	-44.2299	0	0.208136	0.212272	0	8.157	4.822	12.665
tree423	-44.2646	0	0.195701	0.178185	0	6.473	4.366	13.893
tree424	-42.134	0	0.155974	0.14042	0	4.64	3.756	15.116
tree425	-43.1806	0	0.220156	0.171679	0	7.639	3.251	11.612
tree426	-44.9898	0	0.252342	0.136144	0	7.614	2.628	11.014
tree427	-46.1319	0	0.218633	0.204299	0	6.688	4.63	13.942
tree428	-45.9107	0	0.227506	0.196731	0	7.523	4.477	12.954
tree429	-44.5044	0	0.275661	0.138414	0	7.466	2.853	11.387
tree430	-43.1657	0	0.221852	0.119122	0	6.251	2.722	12.471
tree431	-42.3111	0	0.147972	0.14542	0	4.5	3.872	15.372
tree432	-43.5863	0	0.23925	0.147016	0	6.738	3.204	12.466
tree433	-45.3115	0	0.219431	0.197195	0	7.189	4.66	13.471
tree434	-43.5863	0	0.23925	0.147016	0	6.709	3.115	12.406
tree435	-44.2646	0	0.195701	0.178185	0	6.406	4.448	14.042
tree436	-44.2942	0	0.181631	0.1932	0	6.347	5.178	14.831
tree437	-46.0675	0	0.24333	0.229236	0	8.102	4.365	12.263
tree438	-46.3691	0	0.21276	0.208773	0	6.519	4.851	14.332
tree439	-43.4109	0	0.193401	0.175746	0	6.737	4.113	13.376
tree440	-45.2314	0	0.199607	0.210295	0	7.019	5.387	14.368
tree441	-45.7821	0	0.236794	0.203217	0	7.631	4.267	12.636
tree442	-44.2646	0	0.195701	0.178185	0	6.398	4.391	13.993
tree443	-44.3214	0	0.22027	0.153577	0	6.427	3.541	13.114
tree444	-42.6566	0	0.232391	0.123836	0	6.74	2.462	11.722
tree445	-44.9085	0	0.239558	0.195271	0	7.55	3.985	12.435
tree446	-43.527	0	0.213786	0.160701	0	7.252	3.338	12.086
tree447	-43.5582	0	0.159522	0.16018	0	4.914	4.25	15.336
tree448	-45.8643	0	0.221806	0.207578	0	7.319	4.841	13.522
tree449	-43.5582	0	0.159522	0.16018	0	4.943	4.246	15.303
tree450	-44.2646	0	0.195701	0.178185	0	6.463	4.41	13.947
tree451	-44.1639	0	0.215064	0.175447	0	6.839	3.99	13.151
tree452	-43.7804	0	0.246956	0.133827	0	6.884	2.834	11.95
tree453	-45.9446	0	0.247154	0.205827	0	7.509	4.375	12.866
tree454	-44.2646	0	0.195701	0.178185	0	6.459	4.394	13.935
tree455	-45.3115	0	0.219431	0.197195	0	7.153	4.483	13.33
tree456	-45.3304	0	0.189079	0.198656	0	5.85	4.954	15.104
tree457	-44.2646	0	0.195701	0.178185	0	6.411	4.424	14.013
tree458	-42.3111	0	0.147972	0.14542	0	4.543	3.933	15.39
tree459	-44.2646	0	0.195701	0.178185	0	6.4	4.419	14.019
tree460	-43.527	0	0.213786	0.160701	0	7.111	3.497	12.386
tree461	-44.2646	0	0.195701	0.178185	0	6.44	4.361	13.921
tree462	-42.3111	0	0.147972	0.14542	0	4.557	3.876	15.319
tree463	-45.7821	0	0.236794	0.203217	0	7.583	4.34	12.757
tree464	-44.2646	0	0.195701	0.178185	0	6.452	4.331	13.879
tree465	-44.8753	0	0.245471	0.16042	0	7.504	3.1	11.596
tree466	-42.3111	0	0.147972	0.14542	0	4.53	3.944	15.414
tree467	-46.1319	0	0.218633	0.204299	0	6.611	4.655	14.044
tree468	-42.4111	0	0.221151	0.11572	0	6.534	2.32	11.786
tree469	-46.1319	0	0.218633	0.204299	0	6.737	4.736	13.999
tree470	-42.134	0	0.155974	0.14042	0	4.682	3.759	15.077
tree471	-44.6301	0	0.24556	0.17606	0	7.43	3.296	11.866
tree472	-43.1657	0	0.221852	0.119122	0	6.254	2.674	12.42
tree473	-41.6565	0	0.20832	0.128746	0	7.707	1.926	10.219
tree474	-46.3246	0	0.238217	0.222836	0	7.465	5.023	13.558
tree475	-43.5863	0	0.23925	0.147016	0	6.838	3.112	12.274
tree476	-45.3304	0	0.189079	0.198656	0	5.776	4.959	15.183
tree477	-43.1657	0	0.221852	0.119122	0	6.273	2.698	12.425
tree478	-44.2942	0	0.181631	0.1932	0	6.374	5.246	14.872
tree479	-45.3115	0	0.219431	0.197195	0	7.139	4.577	13.438
tree480	-42.3111	0	0.147972	0.14542	0	4.534	3.938	15.404
tree481	-45.3304	0	0.189079	0.198656	0	5.813	4.881	15.068
tree482	-45.1101	0	0.207411	0.198402	0	6.972	4.821	13.849
tree483	-45.3304	0	0.189079	0.198656	0	5.813	4.916	15.103
tree484	-45.0154	0	0.216724	0.195202	0	7.082	4.404	13.322
tree485	-44.1639	0	0.215064	0.175447	0	6.822	3.987	13.165
tree486	-44.2942	0	0.181631	0.1932	0	6.278	5.211	14.933
tree487	-44.2684	0	0.256424	0.14095	0	7.215	2.766	11.551
tree488	-45.3304	0	0.189079	0.198656	0	5.786	4.919	15.133
tree489	-44.2646	0	0.195701	0.178185	0	6.49	4.38	13.89
tree490	-44.1397	0	0.251719	0.122359	0	7.05	2.548	11.498
tree491	-44.9898	0	0.252342	0.136144	0	7.648	2.591	10.943
tree492	-45.3115	0	0.219431	0.197195	0	7.226	4.538	13.312
tree493	-44.5408	0	0.240802	0.154218	0	7.446	3.037	11.591
tree494	-45.1101	0	0.207411	0.198402	0	6.994	4.782	13.788
tree495	-43.5863	0	0.23925	0.147016	0	6.771	3.098	12.327
tree496	-44.2646	0	0.195701	0.178185	0	6.451	4.411	13.96
tree497	-43.7804	0	0.246956	0.133827	0	6.841	2.893	12.052
tree498	-44.2646	0	0.195701	0.178185	0	6.423	4.401	13.978
tree499	-44.5408	0	0.240802	0.154218	0	7.451	3.053	11.602
tree500	-44.2646	0	0.195701	0.178185	0	6.446	4.381	13.935
tree501	-43.7804	0	0.246956	0.133827	0	6.923	2.904	11.981
tree502	-45.9446	0	0.247154	0.205827	0	7.44	4.376	12.936
tree503	-43.7967	0	0.159149	0.163532	0	4.896	4.394	15.498
tree504	-44.2646	0	0.195701	0.178185	0	6.351	4.389	14.038
tree505	-44.2942	0	0.181631	0.1932	0	6.383	5.233	14.85
tree506	-45.0154	0	0.216724	0.195202	0	7.086	4.504	13.418
tree507	-44.0724	0	0.252984	0.126284	0	7.007	2.612	11.605
tree508	-45.9446	0	0.247154	0.205827	0	7.456	4.386	12.93
tree509	-44.1639	0	0.215064	0.175447	0	6.73	3.964	13.234
tree510	-45.3115	0	0.219431	0.197195	0	7.125	4.62	13.495
tree511	-44.2646	0	0.195701	0.178185	0	6.592	4.347	13.755
tree512	-45.7821	0	0.236794	0.203217	0	7.579	4.316	12.737
tree513	-44.2646	0	0.195701	0.178185	0	6.468	4.398	13.93
tree514	-44.1639	0	0.215064	0.175447	0	6.731	3.983	13.252
tree515	-45.7821	0	0.236794	0.203217	0	7.588	4.264	12.676
tree516	-43.7804	0	0.246956	0.133827	0	6.857	2.836	11.979
tree517	-42.1178	0	0.158269	0.154379	0	4.952	4.049	15.097
tree518	-44.1639	0	0.215064	0.175447	0	6.704	3.988	13.284
tree519	-43.7804	0	0.246956	0.133827	0	6.835	2.932	12.097
tree520	-42.6451	0	0.189013	0.147821	0	6.049	3.343	13.294
tree521	-43.5582	0	0.159522	0.16018	0	4.882	4.274	15.392
tree522	-42.5906	0	0.15081	0.153436	0	4.56	4.274	15.714
tree523	-43.6207	0	0.162214	0.159823	0	4.918	4.282	15.364
tree524	-44.2646	0	0.195701	0.178185	0	6.398	4.374	13.976
tree525	-45.3115	0	0.219431	0.197195	0	7.213	4.574	13.361
tree526	-42.7074	0	0.18757	0.18498	0	7.775	4.185	12.41
tree527	-42.6105	0	0.21	1e-06	0	6.296	0	9.704
tree528	-44.1639	0	0.215064	0.175447	0	6.652	3.964	13.312
tree529	-43.5863	0	0.23925	0.147016	0	6.783	3.198	12.415
tree530	-45.3304	0	0.189079	0.198656	0	5.801	4.891	15.09
tree531	-45.3115	0	0.219431	0.197195	0	7.111	4.624	13.513
tree532	-45.3304	0	0.189079	0.198656	0	5.785	5.046	15.261
tree533	-45.0351	0	0.204686	0.201772	0	6.85	4.931	14.081
tree534	-44.5408	0	0.240802	0.154218	0	7.359	3.036	11.677
tree535	-45.3115	0	0.219431	0.197195	0	7.051	4.698	13.647
tree536	-44.4797	0	0.261425	0.128884	0	7.531	2.312	10.781
tree537	-46.3228	0	0.241921	0.220354	0	7.408	5.058	13.65
tree538	-44.2646	0	0.195701	0.178185	0	6.514	4.358	13.844
tree539	-45.192	0	0.196434	0.215289	0	6.259	5.103	14.844
tree540	-45.8605	0	0.250335	0.172369	0	7.055	3.858	12.803
tree541	-45.3833	0	0.230584	0.141085	0	6.491	3.215	12.724
tree542	-40.7648	0	0.134295	0.153338	0	4.961	4.554	15.593
tree543	-45.3304	0	0.189079	0.198656	0	5.734	4.949	15.215
tree544	-44.2646	0	0.195701	0.178185	0	6.392	4.427	14.035
tree545	-42.3111	0	0.147972	0.14542	0	4.505	3.876	15.371
tree546	-44.5408	0	0.240802	0.154218	0	7.372	3.153	11.781
tree547	-43.5863	0	0.23925	0.147016	0	6.765	3.18	12.415
tree548	-44.1063	0	0.220327	0.171954	0	7.651	3.609	11.958
tree549	-43.1657	0	0.221852	0.119122	0	6.303	2.754	12.451
tree550	-42.3111	0	0.147972	0.14542	0	4.506	3.917	15.411
tree551	-44.0724	0	0.252984	0.126284	0	7.023	2.563	11.54
tree552	-44.9085	0	0.239558	0.195271	0	7.553	4.001	12.448
tree553	-43.7804	0	0.246956	0.133827	0	6.932	2.839	11.907
tree554	-46.4465	0	0.263982	0.214895	0	8.063	4.125	12.062
tree555	-44.2646	0	0.195701	0.178185	0	6.478	4.341	13.863
tree556	-38.4641	0	0.110773	0.11575	0	3.416	3.294	15.878
tree557	-44.2646	0	0.195701	0.178185	0	6.357	4.454	14.097
tree558	-42.1178	0	0.158269	0.154379	0	4.957	3.971	15.014
tree559	-46.7256	0	0.268289	0.218085	0	8.14	4.268	12.128
tree560	-43.2304	0	0.175936	0.175658	0	5.663	4.294	14.631
tree561	-45.7821	0	0.236794	0.203217	0	7.637	4.259	12.622
tree562	-44.2199	0	0.249063	0.17539	0	6.889	3.896	13.007
tree563	-43.5863	0	0.23925	0.147016	0	6.721	3.165	12.444
tree564	-45.0936	0	0.237035	0.197529	0	7.511	4.078	12.567
tree565	-42.5767	0	0.179168	0.203565	0	8.207	4.97	12.763
tree566	-43.7804	0	0.246956	0.133827	0	6.919	2.858	11.939
tree567	-45.2291	0	0.238114	0.142853	0	6.882	3.076	12.194
tree568	-46.1319	0	0.218633	0.204299	0	6.536	4.688	14.152
tree569	-44.7022	0	0.243797	0.171098	0	7.961	3.05	11.089
tree570	-43.527	0	0.213786	0.160701	0	7.208	3.572	12.364
tree571	-45.3304	0	0.189079	0.198656	0	5.901	4.946	15.045
tree572	-44.3214	0	0.22027	0.153577	0	6.33	3.516	13.186
tree573	-45.0154	0	0.216724	0.195202	0	7.192	4.412	13.22
tree574	-45.3115	0	0.219431	0.197195	0	7.082	4.53	13.448
tree575	-45.7821	0	0.236794	0.203217	0	7.571	4.372	12.801
tree576	-43.5863	0	0.23925	0.147016	0	6.729	3.163	12.434
tree577	-44.2646	0	0.195701	0.178185	0	6.424	4.442	14.018
tree578	-44.5408	0	0.240802	0.154218	0	7.384	3.172	11.788
tree579	-45.9169	0	0.24419	0.209178	0	7.538	4.526	12.988
tree580	-44.2106	0	0.273794	0.00422688	0	7.093	0.079	8.986
tree581	-45.3304	0	0.189079	0.198656	0	5.844	4.933	15.089
tree582	-43.1069	0	0.177641	0.164605	0	5.619	4.082	14.463
tree583	-45.5525	0	0.186201	0.209043	0	5.731	5.266	15.535
tree584	-44.2646	0	0.195701	0.178185	0	6.456	4.47	14.014
tree585	-45.3115	0	0.219431	0.197195	0	7.161	4.622	13.461
tree586	-45.3115	0	0.219431	0.197195	0	7.149	4.606	13.457
tree587	-44.1639	0	0.215064	0.175447	0	6.759	3.917	13.158
tree588	-42.1286	0	0.177242	0.126121	0	5.776	3.342	13.566
tree589	-44.2646	0	0.195701	0.178185	0	6.488	4.37	13.882
tree590	-45.0154	0	0.216724	0.195202	0	7.106	4.361	13.255
tree591	-44.2646	0	0.195701	0.178185	0	6.506	4.519	14.013
tree592	-44.2299	0	0.208136	0.212272	0	8.288	4.843	12.555
tree593	-44.9085	0	0.239558	0.195271	0	7.471	4.011	12.54
tree594	-44.2646	0	0.195701	0.178185	0	6.501	4.416	13.915
tree595	-44.6061	0	0.20157	0.210015	0	7.34	4.683	13.343
tree596	-44.5291	0	0.210677	0.212973	0	8.437	4.944	12.507
tree597	-45.3115	0	0.219431	0.197195	0	7.124	4.539	13.415
tree598	-39.2711	0	0.21	1e-06	0	6.158	0	9.842
tree599	-44.5408	0	0.240802	0.154218	0	7.438	3.179	11.741
tree600	-44.1639	0	0.215064	0.175447	0	6.854	3.975	13.121
tree601	-43.527	0	0.213786	0.160701	0	7.232	3.371	12.139
tree602	-43.7804	0	0.246956	0.133827	0	6.909	2.847	11.938
tree603	-45.0154	0	0.216724	0.195202	0	7.134	4.396	13.262
tree604	-42.3111	0	0.147972	0.14542	0	4.507	3.85	15.343
tree605	-45.2314	0	0.199607	0.210295	0	6.921	5.267	14.346
tree606	-44.2199	0	0.249063	0.17539	0	7.025	3.765	12.74
tree607	-46.1319	0	0.218633	0.204299	0	6.559	4.707	14.148
tree608	-43.6973	0	0.202867	0.199516	0	8.018	4.781	12.763
tree609	-46.1319	0	0.218633	0.204299	0	6.574	4.808	14.234
tree610	-42.4279	0	0.210304	0.105955	0	6.098	2.35	12.252
tree611	-46.1319	0	0.218633	0.204299	0	6.623	4.676	14.053
tree612	-44.462	0	0.2609	0.150648	0	7.321	3.022	11.701
tree613	-45.5525	0	0.186201	0.209043	0	5.807	5.278	15.471
tree614	-44.462	0	0.2609	0.150648	0	7.331	3.033	11.702
tree615	-45.0351	0	0.204686	0.201772	0	7.031	4.943	13.912
tree616	-44.9898	0	0.252342	0.136144	0	7.584	2.595	11.011
tree617	-46.1319	0	0.218633	0.204299	0	6.556	4.706	14.15
tree618	-45.0154	0	0.216724	0.195202	0	7.069	4.436	13.367
tree619	-45.7821	0	0.236794	0.203217	0	7.655	4.202	12.547
tree620	-46.1188	0	0.269875	0.165536	0	7.699	3.331	11.632
tree621	-44.6971	0	0.184677	0.192338	0	6.581	5.105	14.524
tree622	-44.2646	0	0.195701	0.178185	0	6.405	4.463	14.058
tree623	-43.1069	0	0.177641	0.164605	0	5.559	4.049	14.49
tree624	-45.2203	0	0.261418	0.189512	0	7.418	4.053	12.635
tree625	-44.5408	0	0.240802	0.154218	0	7.423	3.103	11.68
tree626	-45.0351	0	0.204686	0.201772	0	6.992	4.965	13.973
tree627	-43.5582	0	0.159522	0.16018	0	4.94	4.267	15.327
tree628	-42.3111	0	0.147972	0.14542	0	4.523	3.928	15.405
tree629	-45.1101	0	0.207411	0.198402	0	6.952	4.812	13.86
tree630	-43.8958	0	0.201821	0.209458	0	6.909	4.985	14.076
tree631	-43.1806	0	0.220156	0.171679	0	7.614	3.23	11.616
tree632	-44.3327	0	0.251168	0.171878	0	7.167	3.618	12.451
tree633	-44.2646	0	0.195701	0.178185	0	6.546	4.403	13.857
tree634	-45.3115	0	0.219431	0.197195	0	7.098	4.563	13.465
tree635	-45.5525	0	0.186201	0.209043	0	5.771	5.385	15.614
tree636	-44.1639	0	0.215064	0.175447	0	6.783	3.953	13.17
tree637	-43.5582	0	0.159522	0.16018	0	4.875	4.246	15.371
tree638	-42.1178	0	0.158269	0.154379	0	4.829	3.976	15.147
tree639	-42.2343	0	0.204431	0.112331	0	6.003	2.557	12.554
tree640	-45.523	0	0.199482	0.197465	0	6.11	4.942	14.832
tree641	-42.3111	0	0.147972	0.14542	0	4.497	3.89	15.393
tree642	-45.3304	0	0.189079	0.198656	0	5.818	4.87	15.052
tree643	-44.2299	0	0.208136	0.212272	0	8.163	5.021	12.858
tree644	-44.1639	0	0.215064	0.175447	0	6.726	3.945	13.219
tree645	-44.6971	0	0.184677	0.192338	0	6.542	5.107	14.565
tree646	-46.1319	0	0.218633	0.204299	0	6.603	4.712	14.109
tree647	-44.1476	0	0.249486	0.137556	0	7.446	2.64	11.194
tree648	-42.3111	0	0.147972	0.14542	0	4.539	3.905	15.366
tree649	-43.6849	0	0.219712	0.172863	0	7.01	3.691	12.681
tree650	-46.1319	0	0.218633	0.204299	0	6.687	4.663	13.976
tree651	-44.1639	0	0.215064	0.175447	0	6.722	3.96	13.238
tree652	-44.238	0	0.19959	0.225325	0	7.639	5.577	13.938
tree653	-44.5044	0	0.275661	0.138414	0	7.453	2.765	11.312
tree654	-43.5863	0	0.23925	0.147016	0	6.768	3.224	12.456
tree655	-45.0351	0	0.204686	0.201772	0	6.85	4.953	14.103
tree656	-41.2516	0	0.142141	0.0916535	0	4.292	2.504	14.212
tree657	-43.7967	0	0.159149	0.163532	0	4.864	4.383	15.519
tree658	-43.527	0	0.213786	0.160701	0	7.205	3.471	12.266
tree659	-43.7967	0	0.159149	0.163532	0	4.878	4.451	15.573
tree660	-44.3049	0	0.226098	0.177176	0	6.712	4.041	13.329
tree661	-44.9085	0	0.239558	0.195271	0	7.495	3.969	12.474
tree662	-44.2646	0	0.195701	0.178185	0	6.382	4.461	14.079
tree663	-42.3341	0	0.176232	0.14425	0	5.626	3.188	13.562
tree664	-44.8453	0	0.200987	0.186751	0	6.21	4.343	14.133
tree665	-44.2646	0	0.195701	0.178185	0	6.471	4.37	13.899
tree666	-45.3304	0	0.189079	0.198656	0	5.727	5.051	15.324
tree667	-42.3111	0	0.147972	0.14542	0	4.565	3.896	15.331
tree668	-44.2646	0	0.195701	0.178185	0	6.473	4.327	13.854
tree669	-44.3049	0	0.226098	0.177176	0	6.615	4.061	13.446
tree670	-45.3115	0	0.219431	0.197195	0	7.136	4.567	13.431
tree671	-42.351	0	0.154327	0.166247	0	5.677	4.829	15.152
tree672	-43.7804	0	0.246956	0.133827	0	6.886	2.914	12.028
tree673	-43.5582	0	0.159522	0.16018	0	4.917	4.237	15.32
tree674	-44.2684	0	0.256424	0.14095	0	7.21	2.681	11.471
tree675	-44.2942	0	0.181631	0.1932	0	6.363	5.266	14.903
tree676	-45.0154	0	0.216724	0.195202	0	7.088	4.476	13.388
tree677	-43.458	0	0.215778	0.162464	0	8.132	3.183	11.051
tree678	-43.1657	0	0.221852	0.119122	0	6.267	2.709	12.442
tree679	-44.3214	0	0.22027	0.153577	0	6.489	3.58	13.091
tree680	-44.5408	0	0.240802	0.154218	0	7.378	3.177	11.799
tree681	-43.7804	0	0.246956	0.133827	0	6.975	2.797	11.822
tree682	-43.7804	0	0.246956	0.133827	0	6.905	2.879	11.974
tree683	-46.7133	0	0.17231	0.148714	0	5.154	3.837	14.683
tree684	-46.1319	0	0.218633	0.204299	0	6.672	4.712	14.04
tree685	-43.5863	0	0.23925	0.147016	0	6.754	3.189	12.435
tree686	-45.2514	0	0.240859	0.172558	0	7.211	3.749	12.538
tree687	-44.0724	0	0.252984	0.126284	0	6.995	2.662	11.667
tree688	-42.3111	0	0.147972	0.14542	0	4.529	3.906	15.377
tree689	-44.2646	0	0.195701	0.178185	0	6.482	4.399	13.917
tree690	-44.4791	0	0.220228	0.184439	0	7.05	3.962	12.912
tree691	-44.8753	0	0.245471	0.16042	0	7.46	3.169	11.709
tree692	-44.9085	0	0.239558	0.195271	0	7.562	3.985	12.423
tree693	-46.1319	0	0.218633	0.204299	0	6.636	4.712	14.076
tree694	-45.7821	0	0.236794	0.203217	0	7.502	4.345	12.843
tree695	-45.0154	0	0.216724	0.195202	0	6.98	4.487	13.507
tree696	-44.2646	0	0.195701	0.178185	0	6.468	4.377	13.909
tree697	-42.7906	0	0.21	1e-06	0	6.315	0	9.685
tree698	-45.3115	0	0.219431	0.197195	0	7.069	4.538	13.469
tree699	-44.462	0	0.2609	0.150648	0	7.339	2.949	11.61
tree700	-44.2646	0	0.195701	0.178185	0	6.375	4.359	13.984
tree701	-43.1657	0	0.221852	0.119122	0	6.295	2.739	12.444
tree702	-42.3111	0	0.147972	0.14542	0	4.531	3.922	15.391
tree703	-45.7055	0	0.260929	0.201577	0	7.647	4.152	12.505
tree704	-40.0645	0	0.153973	0.0611069	0	4.964	1.504	12.54
tree705	-45.3304	0	0.189079	0.198656	0	5.81	4.944	15.134
tree706	-43.1419	0	0.175338	0.139842	0	5.255	3.58	14.325
tree707	-42.6105	0	0.21	1e-06	0	6.254	0	9.746
tree708	-44.2646	0	0.195701	0.178185	0	6.459	4.407	13.948
tree709	-45.3115	0	0.219431	0.197195	0	7.239	4.552	13.313
tree710	-44.2646	0	0.195701	0.178185	0	6.415	4.393	13.978
tree711	-44.2646	0	0.195701	0.178185	0	6.411	4.452	14.041
tree712	-45.3115	0	0.219431	0.197195	0	7.222	4.598	13.376
tree713	-44.5408	0	0.240802	0.154218	0	7.4	3.164	11.764
tree714	-45.1355	0	0.23776	0.201732	0	7.646	4.303	12.657
tree715	-45.7055	0	0.260929	0.201577	0	7.684	4.264	12.58
tree716	-45.3304	0	0.189079	0.198656	0	5.813	4.949	15.136
tree717	-45.7821	0	0.236794	0.203217	0	7.685	4.319	12.634
tree718	-45.3115	0	0.219431	0.197195	0	7.084	4.635	13.551
tree719	-45.0289	0	0.252964	0.200036	0	7.687	4.136	12.449
tree720	-45.3115	0	0.219431	0.197195	0	7.18	4.539	13.359
tree721	-42.1614	0	0.155552	0.151846	0	4.921	3.955	15.034
tree722	-44.1639	0	0.215064	0.175447	0	6.817	4.066	13.249
tree723	-44.6971	0	0.184677	0.192338	0	6.529	5.137	14.608
tree724	-45.0351	0	0.204686	0.201772	0	6.964	4.916	13.952
tree725	-44.9898	0	0.252342	0.136144	0	7.58	2.553	10.973
tree726	-44.2646	0	0.195701	0.178185	0	6.41	4.389	13.979
tree727	-45.7821	0	0.236794	0.203217	0	7.516	4.276	12.76
tree728	-43.1657	0	0.221852	0.119122	0	6.364	2.673	12.309
tree729	-44.2942	0	0.181631	0.1932	0	6.27	5.279	15.009
tree730	-44.5408	0	0.240802	0.154218	0	7.332	3.021	11.689
tree731	-43.1657	0	0.221852	0.119122	0	6.226	2.726	12.5
tree732	-44.2684	0	0.256424	0.14095	0	7.293	2.724	11.431
tree733	-42.4215	0	0.155386	0.145581	0	4.781	4.033	15.252
tree734	-45.093	0	0.244095	0.176377	0	7.155	3.803	12.648
tree735	-45.404	0	0.195562	0.215998	0	6.072	5.528	15.456
tree736	-43.5582	0	0.159522	0.16018	0	4.903	4.252	15.349
tree737	-42.6105	0	0.21	1e-06	0	6.306	0	9.694
tree738	-45.9446	0	0.247154	0.205827	0	7.504	4.325	12.821
tree739	-42.134	0	0.155974	0.14042	0	4.668	3.755	15.087
tree740	-42.134	0	0.155974	0.14042	0	4.682	3.746	15.064
tree741	-44.1639	0	0.215064	0.175447	0	6.679	4.005	13.326
tree742	-45.0154	0	0.216724	0.195202	0	7.098	4.468	13.37
tree743	-45.3304	0	0.189079	0.198656	0	5.788	4.896	15.108
tree744	-44.9085	0	0.239558	0.195271	0	7.59	4.072	12.482
tree745	-44.0144	0	0.205928	0.197222	0	7.795	4.791	12.996
tree746	-44.1639	0	0.215064	0.175447	0	6.779	3.942	13.163
tree747	-44.238	0	0.19959	0.225325	0	7.72	5.611	13.891
tree748	-44.9085	0	0.239558	0.195271	0	7.513	3.976	12.463
tree749	-45.0351	0	0.204686	0.201772	0	6.929	4.835	13.906
tree750	-40.9982	0	0.160655	0.165119	0	5.621	4.479	14.858
tree751	-43.3549	0	0.213788	0.165371	0	6.941	3.599	12.658
tree752	-42.3111	0	0.147972	0.14542	0	4.496	3.836	15.34
tree753	-44.9085	0	0.239558	0.195271	0	7.487	3.987	12.5
tree754	-43.1419	0	0.175338	0.139842	0	5.185	3.523	14.338
tree755	-42.1286	0	0.177242	0.126121	0	5.815	3.403	13.588
tree756	-42.4279	0	0.210304	0.105955	0	6.054	2.412	12.358
tree757	-45.0154	0	0.216724	0.195202	0	7.1	4.413	13.313
tree758	-45.3115	0	0.219431	0.197195	0	7.221	4.58	13.359
tree759	-46.3246	0	0.238217	0.222836	0	7.504	5.047	13.543
tree760	-42.7852	0	0.236648	0.108292	0	6.712	2.1	11.388
tree761	-45.0154	0	0.216724	0.195202	0	7.024	4.527	13.503
tree762	-43.5863	0	0.23925	0.147016	0	6.776	3.178	12.402
tree763	-46.3246	0	0.238217	0.222836	0	7.504	4.867	13.363
tree764	-43.0192	0	0.165319	0.119248	0	4.996	2.936	13.94
tree765	-45.9446	0	0.247154	0.205827	0	7.455	4.293	12.838
tree766	-45.3115	0	0.219431	0.197195	0	7.167	4.531	13.364
tree767	-45.3115	0	0.219431	0.197195	0	7.126	4.538	13.412
tree768	-45.3113	0	0.223454	0.222936	0	7.222	4.76	13.538
tree769	-46.1319	0	0.218633	0.204299	0	6.622	4.729	14.107
tree770	-43.9571	0	0.238144	0.172712	0	7.348	3.568	12.22
tree771	-46.2554	0	0.220614	0.206135	0	6.732	4.719	13.987
tree772	-39.6568	0	0.162887	0.1283	0	5.558	3.237	13.679
tree773	-44.8753	0	0.245471	0.16042	0	7.584	3.136	11.552
tree774	-44.2299	0	0.208136	0.212272	0	8.242	4.879	12.637
tree775	-45.3304	0	0.189079	0.198656	0	5.816	4.858	15.042
tree776	-43.5256	0	0.210002	0.143236	0	6.132	3.411	13.279
tree777	-43.1806	0	0.220156	0.171679	0	7.683	3.16	11.477
tree778	-44.5044	0	0.275661	0.138414	0	7.426	2.853	11.427
tree779	-43.6207	0	0.162214	0.159823	0	4.973	4.257	15.284
tree780	-42.3899	0	0.193195	0.111804	0	5.922	2.45	12.528
tree781	-45.7821	0	0.236794	0.203217	0	7.59	4.431	12.841
tree782	-43.7804	0	0.246956	0.133827	0	6.929	2.832	11.903
tree783	-45.3115	0	0.219431	0.197195	0	7.099	4.67	13.571
tree784	-44.9085	0	0.239558	0.195271	0	7.6	3.971	12.371
tree785	-45.2371	0	0.208687	0.212107	0	7.109	5.468	14.359
tree786	-44.0724	0	0.252984	0.126284	0	6.985	2.581	11.596
tree787	-43.6207	0	0.162214	0.159823	0	4.988	4.205	15.217
tree788	-45.3115	0	0.219431	0.197195	0	7.144	4.582	13.438
tree789	-44.4806	0	0.207961	0.18759	0	6.757	4.444	13.687
tree790	-42.9526	0	0.172261	0.211802	0	7.863	5.277	13.414
tree791	-44.2646	0	0.195701	0.178185	0	6.384	4.429	14.045
tree792	-45.0154	0	0.216724	0.195202	0	7.22	4.436	13.216
tree793	-44.9085	0	0.239558	0.195271	0	7.591	3.957	12.366
tree794	-46.0926	0	0.212481	0.22859	0	6.859	4.994	14.135
tree795	-46.3689	0	0.257282	0.219609	0	7.936	4.307	12.371
tree796	-43.1657	0	0.221852	0.119122	0	6.206	2.613	12.407
tree797	-44.7465	0	0.248102	0.189143	0	7.589	3.828	12.239
tree798	-44.2646	0	0.195701	0.178185	0	6.483	4.458	13.975
tree799	-44.8536	0	0.227987	0.196073	0	6.96	4.28	13.32
tree800	-44.5291	0	0.210677	0.212973	0	8.303	4.975	12.672
tree801	-43.6973	0	0.202867	0.199516	0	7.807	4.723	12.916
tree802	-44.4806	0	0.207961	0.18759	0	6.793	4.51	13.717
tree803	-43.6207	0	0.162214	0.159823	0	4.929	4.227	15.298
tree804	-45.0154	0	0.216724	0.195202	0	7.232	4.394	13.162
tree805	-46.1319	0	0.218633	0.204299	0	6.497	4.701	14.204
tree806	-43.1657	0	0.221852	0.119122	0	6.264	2.732	12.468
tree807	-42.3111	0	0.147972	0.14542	0	4.505	3.95	15.445
tree808	-45.0154	0	0.216724	0.195202	0	7.104	4.433	13.329
tree809	-45.3115	0	0.219431	0.197195	0	7.085	4.637	13.552
tree810	-43.527	0	0.213786	0.160701	0	7.272	3.475	12.203
tree811	-45.3115	0	0.219431	0.197195	0	7.205	4.532	13.327
tree812	-43.9571	0	0.189979	0.190311	0	6.557	4.55	13.993
tree813	-45.0351	0	0.204686	0.201772	0	6.884	5.069	14.185
tree814	-44.9452	0	0.41	1e-06	0	8.059	0	7.941
tree815	-45.9446	0	0.247154	0.205827	0	7.453	4.372	12.919
tree816	-44.5408	0	0.240802	0.154218	0	7.422	3.219	11.797
tree817	-42.3111	0	0.147972	0.14542	0	4.529	3.876	15.347
tree818	-44.3545	0	0.21393	0.193676	0	7.291	3.925	12.634
tree819	-45.0154	0	0.216724	0.195202	0	7.089	4.448	13.359
tree820	-45.3304	0	0.189079	0.198656	0	5.788	4.908	15.12
tree821	-44.462	0	0.2609	0.150648	0	7.327	2.931	11.604
tree822	-45.7821	0	0.236794	0.203217	0	7.618	4.433	12.815
tree823	-42.1286	0	0.177242	0.126121	0	5.727	3.346	13.619
tree824	-43.1419	0	0.175338	0.139842	0	5.248	3.546	14.298
tree825	-43.6973	0	0.202867	0.199516	0	7.87	4.691	12.821
tree826	-41.8103	0	0.147842	0.129919	0	4.61	3.484	14.874
tree827	-44.1346	0	0.22768	0.177373	0	6.874	3.945	13.071
tree828	-45.2314	0	0.199607	0.210295	0	7.004	5.561	14.557
tree829	-44.3214	0	0.22027	0.153577	0	6.461	3.529	13.068
tree830	-39.9047	0	0.145612	0.0916919	0	4.421	2.278	13.857
tree831	-42.3111	0	0.147972	0.14542	0	4.525	3.922	15.397
tree832	-43.3424	0	0.228645	0.15322	0	6.587	3.261	12.674
tree833	-46.0814	0	0.272878	0.154039	0	7.605	3.219	11.614
tree834	-42.9138	0	0.184374	0.130085	0	5.483	3.259	13.776
tree835	-44.2646	0	0.195701	0.178185	0	6.422	4.317	13.895
tree836	-44.1639	0	0.215064	0.175447	0	6.689	3.923	13.234
tree837	-44.2646	0	0.195701	0.178185	0	6.501	4.394	13.893
tree838	-42.4215	0	0.155386	0.145581	0	4.792	4.092	15.3
tree839	-45.7821	0	0.236794	0.203217	0	7.625	4.254	12.629
tree840	-44.2942	0	0.181631	0.1932	0	6.415	5.249	14.834
tree841	-45.7821	0	0.236794	0.203217	0	7.63	4.359	12.729
tree842	-44.238	0	0.19959	0.225325	0	7.638	5.656	14.018
tree843	-46.1319	0	0.218633	0.204299	0	6.702	4.771	14.069
tree844	-42.4971	0	0.157114	0.161715	0	4.897	4.321	15.424
tree845	-45.0936	0	0.237035	0.197529	0	7.558	4.178	12.62
tree846	-41.5472	0	0.142739	0.0955452	0	4.312	2.499	14.187
tree847	-42.3111	0	0.147972	0.14542	0	4.474	3.912	15.438
tree848	-45.3304	0	0.189079	0.198656	0	5.776	4.941	15.165
tree849	-45.9446	0	0.247154	0.205827	0	7.527	4.407	12.88
tree850	-44.5283	0	0.265859	0.152148	0	7.341	3.027	11.686
tree851	-43.7804	0	0.246956	0.133827	0	6.883	2.843	11.96
tree852	-42.2327	0	0.199669	0.124919	0	7.098	2.088	10.99
tree853	-43.1069	0	0.177641	0.164605	0	5.534	4.076	14.542
tree854	-40.7159	0	0.227273	1e-06	0	6.135	0	9.865
tree855	-46.4465	0	0.263982	0.214895	0	7.975	4.149	12.174
tree856	-45.3951	0	0.2072	0.200049	0	7.165	4.912	13.747
tree857	-44.2646	0	0.195701	0.178185	0	6.408	4.45	14.042
tree858	-45.3115	0	0.219431	0.197195	0	7.149	4.537	13.388
tree859	-44.2646	0	0.195701	0.178185	0	6.506	4.296	13.79
tree860	-43.1806	0	0.220156	0.171679	0	7.636	3.115	11.479
tree861	-44.2646	0	0.195701	0.178185	0	6.454	4.431	13.977
tree862	-45.9107	0	0.227506	0.196731	0	7.532	4.495	12.963
tree863	-42.3111	0	0.147972	0.14542	0	4.511	3.924	15.413
tree864	-43.6207	0	0.162214	0.159823	0	4.871	4.282	15.411
tree865	-44.5408	0	0.240802	0.154218	0	7.371	3.183	11.812
tree866	-45.8643	0	0.221806	0.207578	0	7.461	4.609	13.148
tree867	-39.9233	0	0.142033	0.0938939	0	4.244	2.502	14.258
tree868	-44.5408	0	0.240802	0.154218	0	7.44	3.089	11.649
tree869	-45.0154	0	0.216724	0.195202	0	7.084	4.39	13.306
tree870	-44.2646	0	0.195701	0.178185	0	6.384	4.413	14.029
tree871	-44.6971	0	0.184677	0.192338	0	6.557	5.132	14.575
tree872	-44.5299	0	0.258136	0.152077	0	7.345	2.938	11.593
tree873	-46.1319	0	0.218633	0.204299	0	6.665	4.721	14.056
tree874	-44.1346	0	0.22768	0.177373	0	6.818	3.863	13.045
tree875	-43.527	0	0.213786	0.160701	0	7.097	3.389	12.292
tree876	-44.4721	0	0.210764	0.153504	0	6.98	3.623	12.643
tree877	-44.9085	0	0.239558	0.195271	0	7.505	4.017	12.512
tree878	-44.9085	0	0.239558	0.195271	0	7.518	3.965	12.447
tree879	-44.2942	0	0.181631	0.1932	0	6.478	5.332	14.854
tree880	-41.1237	0	0.200656	0.0508168	0	5.971	0.786	10.815
tree881	-45.3115	0	0.219431	0.197195	0	7.18	4.591	13.411
tree882	-46.1319	0	0.218633	0.204299	0	6.595	4.64	14.045
tree883	-44.1639	0	0.215064	0.175447	0	6.777	3.924	13.147
tree884	-44.2622	0	0.190634	0.184749	0	6.34	4.688	14.348
tree885	-45.0154	0	0.216724	0.195202	0	7.184	4.411	13.227
tree886	-44.3214	0	0.22027	0.153577	0	6.357	3.513	13.156
tree887	-40.7151	0	0.166384	0.148901	0	5.644	3.926	14.282
tree888	-44.2646	0	0.195701	0.178185	0	6.51	4.416	13.906
tree889	-43.6207	0	0.162214	0.159823	0	4.904	4.259	15.355
tree890	-42.7906	0	0.21	1e-06	0	6.323	0	9.677
tree891	-45.8643	0	0.221806	0.207578	0	7.391	4.734	13.343
tree892	-44.2646	0	0.195701	0.178185	0	6.487	4.443	13.956
tree893	-45.3304	0	0.189079	0.198656	0	5.856	4.935	15.079
tree894	-42.5906	0	0.15081	0.153436	0	4.603	4.251	15.648
tree895	-44.6971	0	0.184677	0.192338	0	6.543	5.059	14.516
tree896	-45.3304	0	0.189079	0.198656	0	5.721	4.887	15.166
tree897	-44.4806	0	0.207961	0.18759	0	6.868	4.545	13.677
tree898	-44.5459	0	0.257746	0.147251	0	7.344	2.887	11.543
tree899	-45.0154	0	0.216724	0.195202	0	7.126	4.339	13.213
tree900	-42.5762	0	0.237563	0.00308324	0	6.4	0.052	9.652
tree901	-44.2684	0	0.256424	0.14095	0	7.273	2.808	11.535
tree902	-45.7821	0	0.236794	0.203217	0	7.636	4.236	12.6
tree903	-44.5408	0	0.240802	0.154218	0	7.402	3.083	11.681
tree904	-45.0154	0	0.216724	0.195202	0	7.203	4.462	13.259
tree905	-45.0154	0	0.216724	0.195202	0	7.025	4.485	13.46
tree906	-43.7804	0	0.246956	0.133827	0	6.826	2.918	12.092
tree907	-44.1145	0	0.239158	0.145854	0	7.025	3.028	12.003
tree908	-45.3115	0	0.219431	0.197195	0	7.254	4.63	13.376
tree909	-43.6973	0	0.202867	0.199516	0	7.812	4.871	13.059
tree910	-42.5762	0	0.237563	0.00308324	0	6.37	0.049	9.679
tree911	-44.1639	0	0.215064	0.175447	0	6.714	3.975	13.261
tree912	-44.462	0	0.2609	0.150648	0	7.364	2.97	11.606
tree913	-45.1101	0	0.207411	0.198402	0	7.069	4.808	13.739
tree914	-44.1639	0	0.215064	0.175447	0	6.792	3.964	13.172
tree915	-44.3214	0	0.22027	0.153577	0	6.411	3.522	13.111
tree916	-42.3111	0	0.147972	0.14542	0	4.53	3.94	15.41
tree917	-42.3111	0	0.147972	0.14542	0	4.501	3.897	15.396
tree918	-43.9571	0	0.189979	0.190311	0	6.532	4.579	14.047
tree919	-44.7855	0	0.21813	0.163958	0	6.412	3.881	13.469
tree920	-44.1639	0	0.215064	0.175447	0	6.712	3.939	13.227
tree921	-44.9085	0	0.239558	0.195271	0	7.587	3.97	12.383
tree922	-43.1657	0	0.221852	0.119122	0	6.229	2.69	12.461
tree923	-44.0868	0	0.252078	0.146069	0	7.186	2.979	11.793
tree924	-45.1101	0	0.207411	0.198402	0	6.982	4.838	13.856
tree925	-45.3402	0	0.231985	0.218312	0	7.921	4.515	12.594
tree926	-44.5291	0	0.210677	0.212973	0	8.311	5.057	12.746
tree927	-44.2684	0	0.256424	0.14095	0	7.189	2.732	11.543
tree928	-42.5906	0	0.15081	0.153436	0	4.594	4.201	15.607
tree929	-45.9446	0	0.247154	0.205827	0	7.5	4.384	12.884
tree930	-45.9107	0	0.227506	0.196731	0	7.483	4.522	13.039
tree931	-41.1502	0	0.195128	0.0723063	0	6.126	1.16	11.034
tree932	-44.1358	0	0.229289	0.147502	0	7.541	2.959	11.418
tree933	-46.1319	0	0.218633	0.204299	0	6.609	4.611	14.002
tree934	-45.346	0	0.250215	0.176685	0	7.39	3.756	12.366
tree935	-45.0154	0	0.216724	0.195202	0	7.092	4.46	13.368
tree936	-43.6973	0	0.202867	0.199516	0	7.842	4.808	12.966
tree937	-45.0351	0	0.204686	0.201772	0	6.916	5.012	14.096
tree938	-45.0351	0	0.204686	0.201772	0	6.936	5.038	14.102
tree939	-44.1639	0	0.215064	0.175447	0	6.672	4.017	13.345
tree940	-44.2646	0	0.195701	0.178185	0	6.423	4.357	13.934
tree941	-43.8892	0	0.205463	0.199675	0	7.854	4.724	12.87
tree942	-44.9085	0	0.239558	0.195271	0	7.455	4.046	12.591
tree943	-43.7804	0	0.246956	0.133827	0	6.866	2.859	11.993
tree944	-45.8643	0	0.221806	0.207578	0	7.426	4.618	13.192
tree945	-45.4268	0	0.218513	0.211321	0	7.158	4.864	13.706
tree946	-40.7151	0	0.166384	0.148901	0	5.614	3.977	14.363
tree947	-45.3304	0	0.189079	0.198656	0	5.785	4.879	15.094
tree948	-42.3111	0	0.147972	0.14542	0	4.55	3.926	15.376
tree949	-45.3115	0	0.219431	0.197195	0	7.196	4.598	13.402
tree950	-44.5044	0	0.275661	0.138414	0	7.468	2.824	11.356
tree951	-41.9671	0	0.179652	0.170699	0	6.54	3.881	13.341
tree952	-44.5408	0	0.240802	0.154218	0	7.365	3.157	11.792
tree953	-44.2646	0	0.195701	0.178185	0	6.49	4.415	13.925
tree954	-44.2646	0	0.195701	0.178185	0	6.424	4.366	13.942
tree955	-44.2646	0	0.195701	0.178185	0	6.484	4.304	13.82
tree956	-45.0154	0	0.216724	0.195202	0	7.151	4.463	13.312
tree957	-44.2646	0	0.195701	0.178185	0	6.416	4.326	13.91
tree958	-42.4215	0	0.155386	0.145581	0	4.725	4.014	15.289
tree959	-42.3111	0	0.147972	0.14542	0	4.482	3.856	15.374
tree960	-44.2646	0	0.195701	0.178185	0	6.435	4.334	13.899
tree961	-45.7821	0	0.236794	0.203217	0	7.583	4.388	12.805
tree962	-44.1639	0	0.215064	0.175447	0	6.768	4.037	13.269
tree963	-42.5906	0	0.15081	0.153436	0	4.586	4.195	15.609
tree964	-44.462	0	0.2609	0.150648	0	7.34	3.062	11.722
tree965	-44.2942	0	0.181631	0.1932	0	6.405	5.283	14.878
tree966	-45.0154	0	0.216724	0.195202	0	7.191	4.362	13.171
tree967	-42.5906	0	0.15081	0.153436	0	4.636	4.157	15.521
tree968	-44.1639	0	0.215064	0.175447	0	6.809	3.964	13.155
tree969	-44.6948	0	0.229359	0.196643	0	7.139	4.515	13.376
tree970	-44.1639	0	0.215064	0.175447	0	6.803	3.985	13.182
tree971	-45.9446	0	0.247154	0.205827	0	7.499	4.325	12.826
tree972	-45.3184	0	0.253476	0.163524	0	7.281	3.702	12.421
tree973	-45.7821	0	0.236794	0.203217	0	7.52	4.384	12.864
tree974	-42.1614	0	0.155552	0.151846	0	4.886	3.974	15.088
tree975	-45.3304	0	0.189079	0.198656	0	5.806	4.919	15.113
tree976	-40.7151	0	0.166384	0.148901	0	5.581	3.978	14.397
tree977	-45.3304	0	0.189079	0.198656	0	5.818	4.9	15.082
tree978	-43.1657	0	0.221852	0.119122	0	6.258	2.756	12.498
tree979	-44.2646	0	0.195701	0.178185	0	6.374	4.465	14.091
tree980	-45.0351	0	0.204686	0.201772	0	6.95	5.027	14.077
tree981	-45.3035	0	0.248363	0.17679	0	7.267	4.02	12.753
tree982	-42.134	0	0.155974	0.14042	0	4.693	3.688	14.995
tree983	-43.1657	0	0.221852	0.119122	0	6.258	2.725	12.467
tree984	-49.4053	0	0.248393	0.20448	0	7.226	4.502	13.276
tree985	-45.3304	0	0.189079	0.198656	0	5.811	5.007	15.196
tree986	-45.3115	0	0.219431	0.197195	0	7.147	4.559	13.412
tree987	-45.3304	0	0.189079	0.198656	0	5.87	4.924	15.054
tree988	-43.5863	0	0.23925	0.147016	0	6.771	3.143	12.372
tree989	-45.3115	0	0.219431	0.197195	0	7.123	4.597	13.474
tree990	-44.2646	0	0.195701	0.178185	0	6.412	4.422	14.01
tree991	-44.0724	0	0.252984	0.126284	0	7.086	2.582	11.496
tree992	-46.4465	0	0.263982	0.214895	0	8.077	4.156	12.079
tree993	-45.3115	0	0.219431	0.197195	0	7.081	4.602	13.521
tree994	-43.7804	0	0.246956	0.133827	0	6.931	2.879	11.948
tree995	-45.0154	0	0.216724	0.195202	0	7.255	4.514	13.259
tree996	-44.2646	0	0.195701	0.178185	0	6.558	4.466	13.908
tree997	-43.5256	0	0.210002	0.143236	0	6.047	3.437	13.39
tree998	-45.0154	0	0.216724	0.195202	0	7.173	4.458	13.285
tree999	-43.5863	0	0.23925	0.147016	0	6.757	3.114	12.357
