SpTree	logl	delta	tau	lambda	duplications	transfers	losses	speciations
tree0	-11354.9	0	0	0	0.292	450.016	447.018	12.71
tree1	-11354.9	0	0	0	0.281	431.313	427.587	11.993
tree2	-11354.9	0	0	0	0.294	434.04	430.702	12.368
tree3	-11354.9	0	0	0	0.27	441.104	437.947	12.573
tree4	-11354.9	0	0	0	0.31	426.694	423.079	12.075
tree5	-11354.9	0	0	0	0.288	440.568	437.424	12.568
tree6	-11354.9	0	0	0	0.287	424.776	421	11.937
tree7	-11354.9	0	0	0	0.285	431.296	427.937	12.356
tree8	-11354.9	0	0	0	0.279	429.593	425.982	12.11
tree9	-11354.9	0	0	0	0.286	418.98	415.155	11.889
tree10	-11354.9	0	0	0	0.303	440.291	436.937	12.343
tree11	-11354.9	0	0	0	0.306	424.458	420.459	11.695
tree12	-11354.9	0	0	0	0.278	437.437	433.922	12.207
tree13	-11354.9	0	0	0	0.315	441.199	437.974	12.46
tree14	-11354.9	0	0	0	0.284	435.623	432.269	12.362
tree15	-11354.9	0	0	0	0.287	431.546	427.982	12.149
tree16	-11354.9	0	0	0	0.293	421.416	417.544	11.835
tree17	-11354.9	0	0	0	0.277	426.305	422.58	11.998
tree18	-11354.9	0	0	0	0.299	427.687	423.93	11.944
tree19	-11354.9	0	0	0	0.295	434.379	431.076	12.402
tree20	-11354.9	0	0	0	0.313	423.872	420.048	11.863
tree21	-11354.9	0	0	0	0.276	431.287	427.48	11.917
tree22	-11354.9	0	0	0	0.286	425.877	422.15	11.987
tree23	-11354.9	0	0	0	0.276	426.049	422.356	12.031
tree24	-11354.9	0	0	0	0.259	438.266	434.871	12.346
tree25	-11354.9	0	0	0	0.288	444.005	440.891	12.598
tree26	-11354.9	0	0	0	0.289	435.835	432.732	12.608
tree27	-11354.9	0	0	0	0.272	451.025	448.126	12.829
tree28	-11354.9	0	0	0	0.25	440.172	437.004	12.582
tree29	-11354.9	0	0	0	0.294	428.692	425.026	12.04
tree30	-11354.9	0	0	0	0.253	440.77	437.333	12.31
tree31	-11354.9	0	0	0	0.245	450.529	447.511	12.737
tree32	-11355	0	0	0	0.29	420.315	416.353	11.748
tree33	-11354.9	0	0	0	0.292	432.582	429.008	12.134
tree34	-11354.9	0	0	0	0.29	440.432	437.286	12.564
tree35	-11354.9	0	0	0	0.268	439.729	436.613	12.616
tree36	-11354.9	0	0	0	0.272	426.547	422.597	11.778
tree37	-11354.9	0	0	0	0.251	448.147	445.38	12.982
tree38	-11354.9	0	0	0	0.264	428.143	424.266	11.859
tree39	-11354.9	0	0	0	0.319	435.276	431.76	12.165
tree40	-11354.9	0	0	0	0.313	423.822	420.085	11.95
tree41	-11354.9	0	0	0	0.281	443.782	440.712	12.649
tree42	-11354.9	0	0	0	0.252	451.208	448.399	12.939
tree43	-11354.9	0	0	0	0.281	444.141	441.003	12.581
tree44	-11354.9	0	0	0	0.307	438.028	434.71	12.375
tree45	-11354.9	0	0	0	0.302	431.156	427.608	12.15
tree46	-11354.9	0	0	0	0.277	426.927	423.193	11.989
tree47	-11354.9	0	0	0	0.313	431.025	427.469	12.131
tree48	-11354.9	0	0	0	0.315	420.102	416.008	11.591
tree49	-11354.9	0	0	0	0.251	426.137	422.43	12.042
tree50	-11354.9	0	0	0	0.291	426.898	423.121	11.932
tree51	-11354.9	0	0	0	0.307	420.81	416.958	11.841
tree52	-11354.9	0	0	0	0.314	439.071	435.836	12.451
tree53	-11354.9	0	0	0	0.261	426.285	422.493	11.947
tree54	-11354.9	0	0	0	0.239	427.568	423.68	11.873
tree55	-11354.9	0	0	0	0.288	429.089	425.28	11.903
tree56	-11354.9	0	0	0	0.279	433.207	429.665	12.179
tree57	-11354.9	0	0	0	0.278	453.293	450.468	12.897
tree58	-11354.9	0	0	0	0.283	431.46	427.963	12.22
tree59	-11354.9	0	0	0	0.28	435.818	432.289	12.191
tree60	-11354.9	0	0	0	0.28	420.411	416.481	11.79
tree61	-11354.9	0	0	0	0.273	433.28	429.763	12.21
tree62	-11354.9	0	0	0	0.279	430.558	426.842	12.005
tree63	-11354.9	0	0	0	0.299	424.494	420.451	11.658
tree64	-11354.9	0	0	0	0.302	432.1	428.574	12.172
tree65	-11354.9	0	0	0	0.273	428.009	424.152	11.87
tree66	-11354.9	0	0	0	0.291	423.235	419.177	11.651
tree67	-11354.9	0	0	0	0.247	441.096	437.906	12.563
tree68	-11354.9	0	0	0	0.299	423.628	419.691	11.764
tree69	-11354.9	0	0	0	0.309	430.497	427.219	12.413
tree70	-11354.9	0	0	0	0.286	430.903	427.342	12.153
tree71	-11354.9	0	0	0	0.314	423.57	419.557	11.673
tree72	-11354.9	0	0	0	0.274	423.394	419.312	11.644
tree73	-11354.9	0	0	0	0.265	445.606	442.599	12.728
tree74	-11354.9	0	0	0	0.301	439.387	436.058	12.37
tree75	-11354.9	0	0	0	0.249	438.919	435.503	12.335
tree76	-11354.9	0	0	0	0.344	430.292	426.802	12.166
tree77	-11354.9	0	0	0	0.286	433.98	430.715	12.449
tree78	-11354.9	0	0	0	0.28	443.209	440.023	12.534
tree79	-11354.9	0	0	0	0.304	428.462	424.666	11.9
tree80	-11354.9	0	0	0	0.264	439.136	435.683	12.283
tree81	-11354.9	0	0	0	0.296	440.336	436.973	12.341
tree82	-11354.9	0	0	0	0.301	432.85	429.111	11.96
tree83	-11354.9	0	0	0	0.265	433.237	429.674	12.172
tree84	-11354.9	0	0	0	0.284	426.008	422.323	12.031
tree85	-11354.9	0	0	0	0.306	446.196	443.351	12.849
tree86	-11354.9	0	0	0	0.257	430.261	426.488	11.97
tree87	-11354.9	0	0	0	0.284	441.532	438.451	12.635
tree88	-11354.9	0	0	0	0.266	428.058	424.5	12.176
tree89	-11354.9	0	0	0	0.294	440.223	437.046	12.529
tree90	-11354.9	0	0	0	0.308	428.488	424.862	12.066
tree91	-11354.9	0	0	0	0.284	436.772	433.446	12.39
tree92	-11354.9	0	0	0	0.297	441.103	437.773	12.373
tree93	-11354.9	0	0	0	0.292	442.347	439.207	12.568
tree94	-11354.9	0	0	0	0.279	442.53	439.206	12.397
tree95	-11354.9	0	0	0	0.306	439.492	436.158	12.36
tree96	-11354.9	0	0	0	0.291	434.909	431.785	12.585
tree97	-11354.9	0	0	0	0.299	436.973	433.679	12.407
tree98	-11354.9	0	0	0	0.282	429.977	426.458	12.199
tree99	-11354.9	0	0	0	0.248	419.8	415.536	11.488
tree100	-11354.9	0	0	0	0.249	441.548	438.447	12.65
tree101	-11354.9	0	0	0	0.286	440.97	437.893	12.637
tree102	-11354.9	0	0	0	0.294	426.739	422.984	11.951
tree103	-11354.9	0	0	0	0.3	428.204	424.547	12.043
tree104	-11354.9	0	0	0	0.269	433.81	430.138	12.059
tree105	-11354.9	0	0	0	0.284	434.084	430.829	12.461
tree106	-11354.9	0	0	0	0.261	442.919	439.883	12.703
tree107	-11354.9	0	0	0	0.294	446.963	443.772	12.515
tree108	-11354.9	0	0	0	0.261	431.255	427.646	12.13
tree109	-11354.9	0	0	0	0.278	434.628	431.319	12.413
tree110	-11354.9	0	0	0	0.285	422.027	418.358	12.046
tree111	-11354.9	0	0	0	0.305	432.579	429.08	12.196
tree112	-11354.9	0	0	0	0.271	441.221	437.856	12.364
tree113	-11354.9	0	0	0	0.272	424.025	420.124	11.827
tree114	-11354.9	0	0	0	0.281	427.534	423.758	11.943
tree115	-11354.9	0	0	0	0.31	442.743	439.617	12.564
tree116	-11354.9	0	0	0	0.255	436.022	432.683	12.406
tree117	-11354.9	0	0	0	0.276	420.052	416.025	11.697
tree118	-11354.9	0	0	0	0.273	427.248	423.632	12.111
tree119	-11354.9	0	0	0	0.284	447.679	444.902	12.939
tree120	-11354.9	0	0	0	0.28	441.926	438.781	12.575
tree121	-11354.9	0	0	0	0.276	437.096	433.943	12.571
tree122	-11354.9	0	0	0	0.295	429.986	426.383	12.102
tree123	-11354.9	0	0	0	0.284	426.528	423.058	12.246
tree124	-11354.9	0	0	0	0.315	431.173	427.502	12.014
tree125	-11354.9	0	0	0	0.294	420.36	416.405	11.751
tree126	-11354.9	0	0	0	0.295	428.361	424.624	11.968
tree127	-11354.9	0	0	0	0.296	425.773	421.932	11.863
tree128	-11354.9	0	0	0	0.311	426.163	422.443	11.969
tree129	-11354.9	0	0	0	0.288	427.007	423.266	11.971
tree130	-11354.9	0	0	0	0.289	414.452	410.296	11.555
tree131	-11354.9	0	0	0	0.278	437.053	433.55	12.219
tree132	-11354.9	0	0	0	0.288	454.163	451.328	12.877
tree133	-11354.9	0	0	0	0.275	434.914	431.645	12.456
tree134	-11354.9	0	0	0	0.271	436.061	432.698	12.366
tree135	-11354.9	0	0	0	0.266	429.207	425.526	12.053
tree136	-11354.9	0	0	0	0.291	428.109	424.467	12.067
tree137	-11354.9	0	0	0	0.28	434.796	431.421	12.345
tree138	-11354.9	0	0	0	0.273	453.036	450.335	13.026
tree139	-11354.9	0	0	0	0.23	449.943	447.006	12.833
tree140	-11354.9	0	0	0	0.298	426.338	422.552	11.916
tree141	-11354.9	0	0	0	0.294	425.89	422.113	11.929
tree142	-11354.9	0	0	0	0.287	426.76	422.894	11.847
tree143	-11354.9	0	0	0	0.297	428.05	424.397	12.05
tree144	-11354.9	0	0	0	0.296	442.186	439.038	12.556
tree145	-11354.9	0	0	0	0.283	438.1	434.667	12.284
tree146	-11354.9	0	0	0	0.303	433.418	429.934	12.213
tree147	-11354.9	0	0	0	0.297	441.534	438.302	12.471
tree148	-11354.9	0	0	0	0.284	428.62	424.977	12.073
tree149	-11354.9	0	0	0	0.283	429.728	426.13	12.119
tree150	-11354.9	0	0	0	0.264	421.539	417.594	11.791
tree151	-11354.9	0	0	0	0.299	423.709	419.755	11.747
tree152	-11354.9	0	0	0	0.274	431.464	427.955	12.217
tree153	-11354.9	0	0	0	0.283	435.548	432.088	12.257
tree154	-11354.9	0	0	0	0.294	435.344	431.759	12.121
tree155	-11354.9	0	0	0	0.304	430.544	427.187	12.339
tree156	-11354.9	0	0	0	0.281	436.822	433.675	12.572
tree157	-11354.9	0	0	0	0.271	431.502	427.728	11.955
tree158	-11354.9	0	0	0	0.278	449.584	446.869	13.007
tree159	-11354.9	0	0	0	0.314	425.212	421.516	11.99
tree160	-11354.9	0	0	0	0.288	437.462	433.876	12.126
tree161	-11354.9	0	0	0	0.29	450.84	447.904	12.774
tree162	-11354.9	0	0	0	0.276	437.81	434.393	12.307
tree163	-11354.9	0	0	0	0.309	442.23	439.29	12.751
tree164	-11354.9	0	0	0	0.29	432.026	428.567	12.251
tree165	-11354.9	0	0	0	0.283	427.276	423.468	11.909
tree166	-11354.9	0	0	0	0.251	446.494	443.394	12.649
tree167	-11354.9	0	0	0	0.277	424.719	420.967	11.971
tree168	-11354.9	0	0	0	0.307	417.55	413.667	11.81
tree169	-11354.9	0	0	0	0.286	429.117	425.519	12.116
tree170	-11354.9	0	0	0	0.285	423.501	419.581	11.795
tree171	-11354.9	0	0	0	0.303	430.594	426.879	11.982
tree172	-11354.9	0	0	0	0.251	423.018	419.291	12.022
tree173	-11354.9	0	0	0	0.27	427.049	423.231	11.912
tree174	-11354.9	0	0	0	0.28	425.823	422.018	11.915
tree175	-11354.9	0	0	0	0.265	443.718	440.572	12.589
tree176	-11354.9	0	0	0	0.277	436.415	432.937	12.245
tree177	-11354.9	0	0	0	0.269	443.881	440.922	12.772
tree178	-11354.9	0	0	0	0.29	427.34	423.441	11.811
tree179	-11354.9	0	0	0	0.273	454.63	451.795	12.892
tree180	-11354.9	0	0	0	0.282	433.784	430.381	12.315
tree181	-11354.9	0	0	0	0.273	454.479	451.623	12.871
tree182	-11354.9	0	0	0	0.298	442.662	439.577	12.617
tree183	-11354.9	0	0	0	0.268	430.675	427.055	12.112
tree184	-11354.9	0	0	0	0.271	436.416	433.093	12.406
tree185	-11354.9	0	0	0	0.256	428.032	424.51	12.222
tree186	-11354.9	0	0	0	0.263	432.837	429.427	12.327
tree187	-11354.9	0	0	0	0.259	447.648	444.402	12.495
tree188	-11354.9	0	0	0	0.278	431.32	427.693	12.095
tree189	-11354.9	0	0	0	0.262	450.54	447.57	12.768
tree190	-11354.9	0	0	0	0.259	427.137	423.286	11.89
tree191	-11354.9	0	0	0	0.275	438.419	435.182	12.488
tree192	-11354.9	0	0	0	0.302	431.437	427.935	12.196
tree193	-11354.9	0	0	0	0.309	428.056	424.607	12.242
tree194	-11354.9	0	0	0	0.261	438.473	435.227	12.493
tree195	-11354.9	0	0	0	0.301	419.536	415.66	11.823
tree196	-11354.9	0	0	0	0.298	418.959	415.098	11.841
tree197	-11354.9	0	0	0	0.278	431.836	428.451	12.337
tree198	-11354.9	0	0	0	0.269	440.913	437.825	12.643
tree199	-11354.9	0	0	0	0.303	430.547	426.826	11.976
tree200	-11354.9	0	0	0	0.305	437.424	434.167	12.438
tree201	-11354.9	0	0	0	0.286	429.86	426.185	12.039
tree202	-11354.9	0	0	0	0.279	422.047	418.058	11.732
tree203	-11354.9	0	0	0	0.281	440.286	437.075	12.508
tree204	-11354.9	0	0	0	0.268	449.194	446.241	12.779
tree205	-11354.9	0	0	0	0.282	437.354	434.084	12.448
tree206	-11354.9	0	0	0	0.286	424.421	420.679	11.972
tree207	-11354.9	0	0	0	0.315	430.46	426.928	12.153
tree208	-11354.9	0	0	0	0.273	439.379	435.899	12.247
tree209	-11354.9	0	0	0	0.275	450.454	447.703	12.974
tree210	-11354.9	0	0	0	0.276	432.622	429.073	12.175
tree211	-11354.9	0	0	0	0.291	444.121	440.912	12.5
tree212	-11354.9	0	0	0	0.264	425.173	421.275	11.838
tree213	-11354.9	0	0	0	0.276	445.208	442.167	12.683
tree214	-11354.9	0	0	0	0.299	424.868	421.095	11.928
tree215	-11354.9	0	0	0	0.279	429.085	425.563	12.199
tree216	-11354.9	0	0	0	0.288	448.44	445.478	12.75
tree217	-11354.9	0	0	0	0.279	431.927	428.495	12.289
tree218	-11354.9	0	0	0	0.29	445.643	442.389	12.456
tree219	-11354.9	0	0	0	0.269	447.255	444.256	12.732
tree220	-11354.9	0	0	0	0.296	427.164	423.696	12.236
tree221	-11354.9	0	0	0	0.308	433.349	429.707	12.05
tree222	-11354.9	0	0	0	0.309	421.446	417.367	11.612
tree223	-11354.9	0	0	0	0.282	426.285	422.359	11.792
tree224	-11354.9	0	0	0	0.301	425.803	422.129	12.025
tree225	-11354.9	0	0	0	0.275	426.936	423.53	12.319
tree226	-11354.9	0	0	0	0.285	454.794	452.167	13.088
tree227	-11354.9	0	0	0	0.338	423.545	419.696	11.813
tree228	-11354.9	0	0	0	0.27	440.072	436.79	12.448
tree229	-11354.9	0	0	0	0.254	448.707	445.844	12.883
tree230	-11354.9	0	0	0	0.262	445.084	442.152	12.806
tree231	-11354.9	0	0	0	0.273	424.422	420.551	11.856
tree232	-11354.9	0	0	0	0.293	435.962	432.656	12.401
tree233	-11354.9	0	0	0	0.277	445.72	442.572	12.575
tree234	-11354.9	0	0	0	0.272	427.91	424.125	11.943
tree235	-11354.9	0	0	0	0.304	424.072	420.075	11.699
tree236	-11354.9	0	0	0	0.283	424.765	421.072	12.024
tree237	-11354.9	0	0	0	0.299	422.563	418.796	11.934
tree238	-11354.9	0	0	0	0.305	428.74	425.022	11.977
tree239	-11354.9	0	0	0	0.302	449.435	446.424	12.687
tree240	-11354.9	0	0	0	0.275	424.685	420.754	11.794
tree241	-11354.9	0	0	0	0.301	440.405	437.059	12.353
tree242	-11354.9	0	0	0	0.302	418.529	414.428	11.597
tree243	-11354.9	0	0	0	0.255	456.375	453.902	13.272
tree244	-11354.9	0	0	0	0.267	429.615	425.953	12.071
tree245	-11354.9	0	0	0	0.303	424.521	420.835	12.011
tree246	-11354.9	0	0	0	0.279	427.423	423.593	11.891
tree247	-11354.9	0	0	0	0.293	427.216	423.528	12.019
tree248	-11354.9	0	0	0	0.334	423.525	419.557	11.698
tree249	-11354.9	0	0	0	0.257	431.482	427.707	11.968
tree250	-11354.9	0	0	0	0.319	437.922	434.642	12.401
tree251	-11354.9	0	0	0	0.291	426.458	422.775	12.026
tree252	-11354.9	0	0	0	0.3	447.478	444.673	12.895
tree253	-11354.9	0	0	0	0.288	430.785	426.958	11.885
tree254	-11354.9	0	0	0	0.269	435.157	431.959	12.533
tree255	-11354.9	0	0	0	0.296	431.617	428.107	12.194
tree256	-11354.9	0	0	0	0.288	424.723	420.831	11.82
tree257	-11354.9	0	0	0	0.278	428.735	424.923	11.91
tree258	-11354.9	0	0	0	0.269	431.904	428.264	12.091
tree259	-11354.9	0	0	0	0.276	436.418	433.423	12.729
tree260	-11354.9	0	0	0	0.284	432.426	428.745	12.035
tree261	-11354.9	0	0	0	0.325	418.836	414.788	11.627
tree262	-11354.9	0	0	0	0.301	439.224	435.894	12.369
tree263	-11354.9	0	0	0	0.269	426.789	422.989	11.931
tree264	-11354.9	0	0	0	0.289	448.8	446.025	12.936
tree265	-11354.9	0	0	0	0.322	426.29	422.39	11.778
tree266	-11354.9	0	0	0	0.266	429.848	426.018	11.904
tree267	-11354.9	0	0	0	0.284	430.682	427.277	12.311
tree268	-11354.9	0	0	0	0.273	425.844	422.044	11.927
tree269	-11354.9	0	0	0	0.274	434.281	430.75	12.195
tree270	-11354.9	0	0	0	0.277	425.341	421.456	11.838
tree271	-11354.9	0	0	0	0.283	441.539	438.507	12.685
tree272	-11354.9	0	0	0	0.283	428.055	424.311	11.973
tree273	-11354.9	0	0	0	0.273	432.017	428.202	11.912
tree274	-11354.9	0	0	0	0.27	431.341	427.759	12.148
tree275	-11354.9	0	0	0	0.285	425.568	421.775	11.922
tree276	-11354.9	0	0	0	0.287	422.308	418.417	11.822
tree277	-11354.9	0	0	0	0.278	431.783	428.295	12.234
tree278	-11354.9	0	0	0	0.305	434.364	430.906	12.237
tree279	-11354.9	0	0	0	0.299	427.04	423.334	11.995
tree280	-11354.9	0	0	0	0.313	434.758	431.407	12.336
tree281	-11354.9	0	0	0	0.279	435.823	432.488	12.386
tree282	-11354.9	0	0	0	0.276	439.721	436.287	12.29
tree283	-11354.9	0	0	0	0.276	428.738	424.911	11.897
tree284	-11354.9	0	0	0	0.279	440.949	437.794	12.566
tree285	-11354.9	0	0	0	0.28	427.326	423.66	12.054
tree286	-11354.9	0	0	0	0.275	432.996	429.62	12.349
tree287	-11354.9	0	0	0	0.307	437.055	433.808	12.446
tree288	-11354.9	0	0	0	0.296	437.969	434.57	12.305
tree289	-11354.9	0	0	0	0.296	429.723	426.108	12.089
tree290	-11354.9	0	0	0	0.295	447.452	444.465	12.718
tree291	-11354.9	0	0	0	0.306	426.52	422.987	12.161
tree292	-11354.9	0	0	0	0.278	434.374	430.931	12.279
tree293	-11354.9	0	0	0	0.301	432.632	429.088	12.155
tree294	-11354.9	0	0	0	0.294	424.952	421.438	12.192
tree295	-11354.9	0	0	0	0.243	428.696	424.981	12.042
tree296	-11354.9	0	0	0	0.302	429.069	425.333	11.962
tree297	-11354.9	0	0	0	0.307	426.904	422.951	11.74
tree298	-11354.9	0	0	0	0.285	433.311	429.795	12.199
tree299	-11354.9	0	0	0	0.293	421.788	417.94	11.859
tree300	-11354.9	0	0	0	0.292	447.071	444.292	12.929
tree301	-11354.9	0	0	0	0.272	429.125	425.351	11.954
tree302	-11354.9	0	0	0	0.307	444.005	440.762	12.45
tree303	-11354.9	0	0	0	0.289	430.398	426.697	12.01
tree304	-11354.9	0	0	0	0.295	448.809	445.896	12.792
tree305	-11354.9	0	0	0	0.286	439.901	436.642	12.455
tree306	-11354.9	0	0	0	0.314	430.995	427.316	12.007
tree307	-11354.9	0	0	0	0.299	439.642	436.261	12.32
tree308	-11354.9	0	0	0	0.269	427.18	423.489	12.04
tree309	-11354.9	0	0	0	0.269	444.059	440.948	12.62
tree310	-11354.9	0	0	0	0.299	427.128	423.496	12.069
tree311	-11354.9	0	0	0	0.261	430.769	427.423	12.393
tree312	-11354.9	0	0	0	0.265	437.088	433.659	12.306
tree313	-11354.9	0	0	0	0.281	448.903	445.804	12.62
tree314	-11354.9	0	0	0	0.272	431.223	427.487	11.992
tree315	-11354.9	0	0	0	0.259	442.437	439.304	12.608
tree316	-11354.9	0	0	0	0.322	427.485	423.845	12.038
tree317	-11354.9	0	0	0	0.296	447.057	444.145	12.792
tree318	-11354.9	0	0	0	0.277	429.799	426.282	12.206
tree319	-11354.9	0	0	0	0.294	422.602	418.836	11.94
tree320	-11354.9	0	0	0	0.273	423.923	420.015	11.819
tree321	-11354.9	0	0	0	0.302	430.697	426.973	11.974
tree322	-11354.9	0	0	0	0.31	427.893	424.329	12.126
tree323	-11354.9	0	0	0	0.27	434.968	431.365	12.127
tree324	-11354.9	0	0	0	0.301	431.376	427.819	12.142
tree325	-11354.9	0	0	0	0.267	441.641	438.363	12.455
tree326	-11354.9	0	0	0	0.266	437.918	434.479	12.295
tree327	-11354.9	0	0	0	0.277	430.506	427.106	12.323
tree328	-11354.9	0	0	0	0.254	444.751	441.854	12.849
tree329	-11354.9	0	0	0	0.286	427.959	424.284	12.039
tree330	-11354.9	0	0	0	0.296	415.872	411.626	11.458
tree331	-11354.9	0	0	0	0.279	439.927	436.684	12.478
tree332	-11354.9	0	0	0	0.281	437.602	434.233	12.35
tree333	-11354.9	0	0	0	0.268	432.566	429.101	12.267
tree334	-11354.9	0	0	0	0.272	449.402	446.44	12.766
tree335	-11354.9	0	0	0	0.316	427.989	424.128	11.823
tree336	-11354.9	0	0	0	0.295	426.44	422.776	12.041
tree337	-11354.9	0	0	0	0.262	427.939	424.257	12.056
tree338	-11354.9	0	0	0	0.317	430.215	426.695	12.163
tree339	-11354.9	0	0	0	0.281	433.725	430.298	12.292
tree340	-11354.9	0	0	0	0.288	416.47	412.49	11.732
tree341	-11354.9	0	0	0	0.285	432.826	429.289	12.178
tree342	-11354.9	0	0	0	0.277	426.705	422.865	11.883
tree343	-11354.9	0	0	0	0.273	428.715	424.993	12.005
tree344	-11354.9	0	0	0	0.258	433.836	430.071	11.977
tree345	-11354.9	0	0	0	0.288	443.987	440.98	12.705
tree346	-11354.9	0	0	0	0.287	434.785	431.438	12.366
tree347	-11354.9	0	0	0	0.291	435.102	431.81	12.417
tree348	-11354.9	0	0	0	0.276	432.266	428.767	12.225
tree349	-11354.9	0	0	0	0.31	436.062	432.711	12.339
tree350	-11354.9	0	0	0	0.302	435.855	432.451	12.294
tree351	-11354.9	0	0	0	0.301	433.232	429.641	12.108
tree352	-11354.9	0	0	0	0.286	427.893	424.183	12.004
tree353	-11354.9	0	0	0	0.279	438.881	435.384	12.224
tree354	-11354.9	0	0	0	0.311	427.452	423.625	11.862
tree355	-11354.9	0	0	0	0.277	446.328	443.358	12.753
tree356	-11354.9	0	0	0	0.284	436.136	432.708	12.288
tree357	-11354.9	0	0	0	0.25	438.918	435.532	12.364
tree358	-11354.9	0	0	0	0.295	445.496	442.496	12.705
tree359	-11354.9	0	0	0	0.301	425.768	421.943	11.874
tree360	-11354.9	0	0	0	0.276	432.432	428.879	12.171
tree361	-11354.9	0	0	0	0.316	431.687	427.993	11.99
tree362	-11354.9	0	0	0	0.269	451.136	448.264	12.859
tree363	-11354.9	0	0	0	0.278	427.752	424.046	12.016
tree364	-11354.9	0	0	0	0.272	440.415	437.421	12.734
tree365	-11354.9	0	0	0	0.301	437.115	433.596	12.18
tree366	-11354.9	0	0	0	0.306	428.17	424.582	12.106
tree367	-11354.9	0	0	0	0.264	439.633	436.144	12.247
tree368	-11354.9	0	0	0	0.292	434.595	431.317	12.43
tree369	-11354.9	0	0	0	0.289	438.363	435.182	12.53
tree370	-11354.9	0	0	0	0.291	424.808	420.872	11.773
tree371	-11354.9	0	0	0	0.294	425.296	421.674	12.084
tree372	-11354.9	0	0	0	0.316	430.106	426.47	12.048
tree373	-11354.9	0	0	0	0.265	434.199	430.719	12.255
tree374	-11354.9	0	0	0	0.302	446.465	443.309	12.542
tree375	-11354.9	0	0	0	0.281	429.337	425.596	11.978
tree376	-11354.9	0	0	0	0.292	432.198	428.913	12.423
tree377	-11354.9	0	0	0	0.312	422.007	418.14	11.821
tree378	-11354.9	0	0	0	0.302	420.558	416.568	11.708
tree379	-11354.9	0	0	0	0.273	425.494	421.783	12.016
tree380	-11354.9	0	0	0	0.294	425.336	421.605	11.975
tree381	-11354.9	0	0	0	0.292	436.763	433.484	12.429
tree382	-11354.9	0	0	0	0.3	445.671	442.737	12.766
tree383	-11354.9	0	0	0	0.261	445.273	442.085	12.551
tree384	-11354.9	0	0	0	0.297	432.92	429.43	12.213
tree385	-11354.9	0	0	0	0.313	423.632	419.566	11.621
tree386	-11354.9	0	0	0	0.274	444.842	441.68	12.564
tree387	-11354.9	0	0	0	0.274	441.97	438.791	12.547
tree388	-11354.9	0	0	0	0.289	429.195	425.825	12.341
tree389	-11354.9	0	0	0	0.271	448.265	445.477	12.941
tree390	-11354.9	0	0	0	0.287	426.217	422.296	11.792
tree391	-11354.9	0	0	0	0.279	432.514	428.897	12.104
tree392	-11354.9	0	0	0	0.279	423.524	419.572	11.769
tree393	-11354.9	0	0	0	0.27	437.761	434.496	12.465
tree394	-11354.9	0	0	0	0.291	416.766	412.603	11.546
tree395	-11354.9	0	0	0	0.284	418.581	414.603	11.738
tree396	-11354.9	0	0	0	0.283	439.651	436.474	12.54
tree397	-11354.9	0	0	0	0.278	444.889	441.784	12.617
tree398	-11354.9	0	0	0	0.278	426.848	423.053	11.927
tree399	-11354.9	0	0	0	0.305	423.504	419.547	11.738
tree400	-11354.9	0	0	0	0.303	420.617	416.782	11.862
tree401	-11354.9	0	0	0	0.256	426.706	422.903	11.941
tree402	-11354.9	0	0	0	0.298	429.049	425.404	12.057
tree403	-11354.9	0	0	0	0.313	429.886	426.254	12.055
tree404	-11354.9	0	0	0	0.283	459.594	456.939	13.062
tree405	-11354.9	0	0	0	0.272	430.767	427.218	12.179
tree406	-11354.9	0	0	0	0.31	436.98	433.767	12.477
tree407	-11354.9	0	0	0	0.295	438.545	435.364	12.524
tree408	-11354.9	0	0	0	0.313	425.677	421.75	11.76
tree409	-11354.9	0	0	0	0.281	434.719	431.208	12.208
tree410	-11354.9	0	0	0	0.257	429.437	425.749	12.055
tree411	-11354.9	0	0	0	0.275	427.141	423.436	12.02
tree412	-11354.9	0	0	0	0.287	434.011	430.598	12.3
tree413	-11354.9	0	0	0	0.315	423.397	419.54	11.828
tree414	-11354.9	0	0	0	0.305	417.021	412.968	11.642
tree415	-11354.9	0	0	0	0.302	422.294	418.361	11.765
tree416	-11354.9	0	0	0	0.311	425.935	422.262	12.016
tree417	-11354.9	0	0	0	0.282	422.037	418.265	11.946
tree418	-11354.9	0	0	0	0.279	451.561	448.577	12.737
tree419	-11354.9	0	0	0	0.284	428.451	424.914	12.179
tree420	-11354.9	0	0	0	0.291	427.305	423.44	11.844
tree421	-11354.9	0	0	0	0.277	421.625	417.793	11.891
tree422	-11354.9	0	0	0	0.296	417.421	413.335	11.618
tree423	-11354.9	0	0	0	0.296	426.198	422.55	12.056
tree424	-11354.9	0	0	0	0.296	446.01	442.928	12.622
tree425	-11354.9	0	0	0	0.287	422.137	418.252	11.828
tree426	-11354.9	0	0	0	0.291	427.178	423.386	11.917
tree427	-11354.9	0	0	0	0.247	429.482	425.748	12.019
tree428	-11354.9	0	0	0	0.302	433.246	429.701	12.153
tree429	-11354.9	0	0	0	0.285	458.103	455.577	13.189
tree430	-11354.9	0	0	0	0.27	445.841	442.845	12.734
tree431	-11354.9	0	0	0	0.292	426.924	423.32	12.104
tree432	-11354.9	0	0	0	0.257	443.469	440.771	13.045
tree433	-11354.9	0	0	0	0.308	426.353	422.564	11.903
tree434	-11354.9	0	0	0	0.267	447.836	444.998	12.895
tree435	-11354.9	0	0	0	0.29	429.518	425.588	11.78
tree436	-11354.9	0	0	0	0.316	433.549	430.35	12.485
tree437	-11354.9	0	0	0	0.296	436.285	432.807	12.226
tree438	-11354.9	0	0	0	0.289	435.635	432.214	12.29
tree439	-11354.9	0	0	0	0.279	420.929	417.13	11.922
tree440	-11354.9	0	0	0	0.278	432.74	429.308	12.29
tree441	-11354.9	0	0	0	0.282	424.857	420.878	11.739
tree442	-11354.9	0	0	0	0.296	428.495	424.777	11.986
tree443	-11354.9	0	0	0	0.291	433.898	430.398	12.209
tree444	-11354.9	0	0	0	0.273	454.564	451.977	13.14
tree445	-11354.9	0	0	0	0.308	430.46	426.683	11.915
tree446	-11354.9	0	0	0	0.314	419.328	415.2	11.558
tree447	-11354.9	0	0	0	0.275	427.015	423.368	12.078
tree448	-11354.9	0	0	0	0.298	428.073	424.556	12.185
tree449	-11354.9	0	0	0	0.293	426.287	422.715	12.135
tree450	-11354.9	0	0	0	0.311	419.714	415.81	11.785
tree451	-11354.9	0	0	0	0.287	434.817	431.349	12.245
tree452	-11354.9	0	0	0	0.291	438.392	435.146	12.463
tree453	-11354.9	0	0	0	0.31	434.898	431.395	12.187
tree454	-11354.9	0	0	0	0.297	427.025	423.342	12.02
tree455	-11354.9	0	0	0	0.316	431.939	428.623	12.368
tree456	-11354.9	0	0	0	0.285	433.033	429.381	12.063
tree457	-11354.9	0	0	0	0.286	429.632	426.004	12.086
tree458	-11354.9	0	0	0	0.287	428.933	425.25	12.03
tree459	-11354.9	0	0	0	0.287	422.622	418.792	11.883
tree460	-11354.9	0	0	0	0.271	422.136	418.13	11.723
tree461	-11354.9	0	0	0	0.315	423.142	419.339	11.882
tree462	-11354.9	0	0	0	0.278	430.522	426.787	11.987
tree463	-11354.9	0	0	0	0.321	422.607	418.864	11.936
tree464	-11354.9	0	0	0	0.327	421.248	417.493	11.918
tree465	-11354.9	0	0	0	0.325	433.215	429.59	12.05
tree466	-11354.9	0	0	0	0.319	437.337	434.195	12.539
tree467	-11354.9	0	0	0	0.271	431.671	428.005	12.063
tree468	-11354.9	0	0	0	0.28	448.661	445.736	12.795
tree469	-11354.9	0	0	0	0.285	429.806	426.242	12.151
tree470	-11354.9	0	0	0	0.284	438.656	435.426	12.486
tree471	-11354.9	0	0	0	0.266	445.488	442.491	12.737
tree472	-11354.9	0	0	0	0.292	440.931	437.869	12.646
tree473	-11354.9	0	0	0	0.32	430.799	427.229	12.11
tree474	-11354.9	0	0	0	0.296	444	440.965	12.669
tree475	-11354.9	0	0	0	0.295	452.297	449.601	13.009
tree476	-11354.9	0	0	0	0.329	431.542	428.096	12.225
tree477	-11354.9	0	0	0	0.262	441.986	438.96	12.712
tree478	-11354.9	0	0	0	0.254	433.87	430.244	12.12
tree479	-11354.9	0	0	0	0.29	425.036	421.433	12.107
tree480	-11354.9	0	0	0	0.274	426.807	422.99	11.909
tree481	-11354.9	0	0	0	0.3	434.998	431.638	12.34
tree482	-11354.9	0	0	0	0.301	428.854	425.015	11.86
tree483	-11354.9	0	0	0	0.288	425.192	421.565	12.085
tree484	-11354.9	0	0	0	0.303	424.101	420.101	11.697
tree485	-11354.9	0	0	0	0.299	432.622	428.977	12.056
tree486	-11354.9	0	0	0	0.301	431.751	428.265	12.213
tree487	-11354.9	0	0	0	0.302	432.225	428.722	12.195
tree488	-11354.9	0	0	0	0.306	441.295	437.983	12.382
tree489	-11354.9	0	0	0	0.3	431.254	427.706	12.152
tree490	-11354.9	0	0	0	0.302	449.873	446.933	12.758
tree491	-11354.9	0	0	0	0.3	426.539	422.549	11.71
tree492	-11354.9	0	0	0	0.296	427.166	423.417	11.955
tree493	-11354.9	0	0	0	0.31	418.069	413.976	11.597
tree494	-11354.9	0	0	0	0.278	423.681	419.694	11.735
tree495	-11354.9	0	0	0	0.266	453.771	450.874	12.837
tree496	-11354.9	0	0	0	0.281	417.897	414.017	11.839
tree497	-11354.9	0	0	0	0.267	443.038	439.827	12.522
tree498	-11354.9	0	0	0	0.279	428.071	424.431	12.081
tree499	-11354.9	0	0	0	0.281	414.38	410.298	11.637
tree500	-11354.9	0	0	0	0.297	430.307	426.768	12.164
tree501	-11354.9	0	0	0	0.265	436.096	432.819	12.458
tree502	-11354.9	0	0	0	0.249	430.558	427.043	12.236
tree503	-11354.9	0	0	0	0.29	430.974	427.338	12.074
tree504	-11354.9	0	0	0	0.253	431.315	427.533	11.965
tree505	-11354.9	0	0	0	0.318	432.598	428.98	12.064
tree506	-11354.9	0	0	0	0.281	418.496	414.414	11.637
tree507	-11354.9	0	0	0	0.293	448.155	445.193	12.745
tree508	-11354.9	0	0	0	0.274	435.646	432.377	12.457
tree509	-11354.9	0	0	0	0.252	431.92	428.239	12.067
tree510	-11354.9	0	0	0	0.266	427.964	424.318	12.088
tree511	-11354.9	0	0	0	0.309	426.961	423.264	11.994
tree512	-11354.9	0	0	0	0.311	424.248	420.315	11.756
tree513	-11354.9	0	0	0	0.305	430.814	427.154	12.035
tree514	-11354.9	0	0	0	0.265	437.33	434.033	12.438
tree515	-11354.9	0	0	0	0.289	423.166	419.198	11.743
tree516	-11354.9	0	0	0	0.302	439.613	436.379	12.464
tree517	-11354.9	0	0	0	0.308	440.178	436.989	12.503
tree518	-11354.9	0	0	0	0.321	435.877	432.526	12.328
tree519	-11354.9	0	0	0	0.289	435.004	431.707	12.414
tree520	-11354.9	0	0	0	0.293	435.169	431.863	12.401
tree521	-11354.9	0	0	0	0.276	425.736	421.953	11.941
tree522	-11354.9	0	0	0	0.293	438.198	434.852	12.361
tree523	-11354.9	0	0	0	0.29	437.478	434.075	12.307
tree524	-11354.9	0	0	0	0.273	427.968	424.403	12.162
tree525	-11354.9	0	0	0	0.269	424.791	420.929	11.869
tree526	-11354.9	0	0	0	0.281	429.294	425.667	12.092
tree527	-11354.9	0	0	0	0.256	437.767	434.259	12.236
tree528	-11354.9	0	0	0	0.296	441.507	438.318	12.515
tree529	-11354.9	0	0	0	0.265	446.971	443.961	12.725
tree530	-11354.9	0	0	0	0.298	430.114	426.43	12.018
tree531	-11354.9	0	0	0	0.292	429.148	425.593	12.153
tree532	-11354.9	0	0	0	0.237	432.16	428.576	12.179
tree533	-11354.9	0	0	0	0.283	427.463	423.808	12.062
tree534	-11354.9	0	0	0	0.305	423.004	418.867	11.558
tree535	-11354.9	0	0	0	0.294	435.773	432.066	11.999
tree536	-11354.9	0	0	0	0.282	445.674	442.477	12.521
tree537	-11354.9	0	0	0	0.249	441.125	438.029	12.655
tree538	-11354.9	0	0	0	0.277	430.269	426.626	12.08
tree539	-11354.9	0	0	0	0.275	440.692	437.625	12.658
tree540	-11354.9	0	0	0	0.282	438.12	434.975	12.573
tree541	-11354.9	0	0	0	0.263	444.944	441.766	12.559
tree542	-11354.9	0	0	0	0.3	433.45	429.894	12.144
tree543	-11354.9	0	0	0	0.314	432.062	428.455	12.079
tree544	-11354.9	0	0	0	0.284	421.225	417.25	11.741
tree545	-11354.9	0	0	0	0.315	428.533	424.862	12.014
tree546	-11354.9	0	0	0	0.29	423.861	419.96	11.809
tree547	-11354.9	0	0	0	0.31	452.736	449.883	12.837
tree548	-11354.9	0	0	0	0.29	425.736	421.818	11.792
tree549	-11354.9	0	0	0	0.274	450.991	447.961	12.696
tree550	-11354.9	0	0	0	0.276	434.924	431.464	12.264
tree551	-11354.9	0	0	0	0.3	451.789	449.119	13.03
tree552	-11354.9	0	0	0	0.276	432.132	428.558	12.15
tree553	-11354.9	0	0	0	0.286	435.675	432.347	12.386
tree554	-11354.9	0	0	0	0.264	443.332	440.278	12.682
tree555	-11354.9	0	0	0	0.276	426.629	422.945	12.04
tree556	-11354.9	0	0	0	0.312	433.506	430.064	12.246
tree557	-11354.9	0	0	0	0.293	425.533	421.642	11.816
tree558	-11354.9	0	0	0	0.286	448.601	445.674	12.787
tree559	-11354.9	0	0	0	0.282	439.03	435.754	12.442
tree560	-11354.9	0	0	0	0.295	428.72	425.349	12.334
tree561	-11354.9	0	0	0	0.28	426.006	422.309	12.023
tree562	-11354.9	0	0	0	0.271	459.594	457.052	13.187
tree563	-11354.9	0	0	0	0.294	447.442	444.683	12.947
tree564	-11354.9	0	0	0	0.279	431.617	428.421	12.525
tree565	-11354.9	0	0	0	0.282	430.833	427.211	12.096
tree566	-11354.9	0	0	0	0.278	438.464	435.208	12.466
tree567	-11354.9	0	0	0	0.266	433.527	430.062	12.269
tree568	-11354.9	0	0	0	0.287	431.678	428.059	12.094
tree569	-11354.9	0	0	0	0.305	431.642	428.121	12.174
tree570	-11354.9	0	0	0	0.3	421.014	417.218	11.904
tree571	-11354.9	0	0	0	0.27	432.324	428.61	12.016
tree572	-11354.9	0	0	0	0.276	434.898	431.501	12.327
tree573	-11354.9	0	0	0	0.313	426.936	423.08	11.831
tree574	-11354.9	0	0	0	0.306	421.255	417.398	11.837
tree575	-11354.9	0	0	0	0.269	426.595	422.643	11.779
tree576	-11354.9	0	0	0	0.251	448.749	445.913	12.913
tree577	-11354.9	0	0	0	0.28	429.014	425.228	11.934
tree578	-11354.9	0	0	0	0.301	409.521	405.387	11.565
tree579	-11354.9	0	0	0	0.256	438.047	434.868	12.565
tree580	-11354.9	0	0	0	0.324	424.573	420.797	11.9
tree581	-11354.9	0	0	0	0.297	436.664	433.144	12.183
tree582	-11354.9	0	0	0	0.298	425.572	421.766	11.896
tree583	-11354.9	0	0	0	0.307	440.018	436.848	12.523
tree584	-11354.9	0	0	0	0.282	427.455	423.758	12.021
tree585	-11354.9	0	0	0	0.298	429.148	425.444	11.998
tree586	-11354.9	0	0	0	0.265	428.133	424.358	11.96
tree587	-11354.9	0	0	0	0.281	425.283	421.599	12.035
tree588	-11354.9	0	0	0	0.278	429.079	425.222	11.865
tree589	-11354.9	0	0	0	0.298	426.496	422.637	11.843
tree590	-11354.9	0	0	0	0.286	419.99	416.108	11.832
tree591	-11354.9	0	0	0	0.303	426.014	422.291	11.974
tree592	-11354.9	0	0	0	0.297	422.227	418.513	11.989
tree593	-11354.9	0	0	0	0.309	431.498	427.838	12.031
tree594	-11354.9	0	0	0	0.268	422.626	418.843	11.949
tree595	-11354.9	0	0	0	0.281	430.993	427.27	11.996
tree596	-11354.9	0	0	0	0.293	426.045	422.28	11.942
tree597	-11354.9	0	0	0	0.246	431.693	428.08	12.141
tree598	-11354.9	0	0	0	0.263	450.677	448.163	13.223
tree599	-11354.9	0	0	0	0.27	422.71	418.663	11.683
tree600	-11354.9	0	0	0	0.269	428.364	424.659	12.026
tree601	-11354.9	0	0	0	0.317	417.086	413.077	11.674
tree602	-11354.9	0	0	0	0.296	437.501	434.071	12.274
tree603	-11354.9	0	0	0	0.314	421.532	417.631	11.785
tree604	-11354.9	0	0	0	0.266	431.484	427.935	12.185
tree605	-11354.9	0	0	0	0.261	438.109	434.651	12.281
tree606	-11354.9	0	0	0	0.264	462.143	459.764	13.357
tree607	-11354.9	0	0	0	0.276	429.906	426.224	12.042
tree608	-11354.9	0	0	0	0.295	423.819	420.163	12.049
tree609	-11354.9	0	0	0	0.26	432.344	429.06	12.456
tree610	-11354.9	0	0	0	0.274	446.463	443.501	12.764
tree611	-11354.9	0	0	0	0.277	429.107	425.64	12.256
tree612	-11354.9	0	0	0	0.273	442.684	439.668	12.711
tree613	-11354.9	0	0	0	0.288	443.558	440.5	12.654
tree614	-11354.9	0	0	0	0.278	438.435	435.137	12.424
tree615	-11354.9	0	0	0	0.262	427.285	423.625	12.078
tree616	-11354.9	0	0	0	0.286	425.003	421.148	11.859
tree617	-11354.9	0	0	0	0.335	430.927	427.415	12.153
tree618	-11354.9	0	0	0	0.267	424.413	420.432	11.752
tree619	-11354.9	0	0	0	0.291	428.371	424.471	11.809
tree620	-11354.9	0	0	0	0.293	447.501	444.398	12.604
tree621	-11354.9	0	0	0	0.292	424.495	420.608	11.821
tree622	-11354.9	0	0	0	0.275	429.266	425.373	11.832
tree623	-11354.9	0	0	0	0.296	429.45	425.815	12.069
tree624	-11354.9	0	0	0	0.259	459.607	457.178	13.312
tree625	-11354.9	0	0	0	0.313	417.958	413.896	11.625
tree626	-11354.9	0	0	0	0.301	431.921	428.41	12.188
tree627	-11354.9	0	0	0	0.309	434.066	430.577	12.202
tree628	-11354.9	0	0	0	0.299	432.783	429.18	12.098
tree629	-11354.9	0	0	0	0.282	418.96	415.102	11.86
tree630	-11354.9	0	0	0	0.285	450.773	447.931	12.873
tree631	-11354.9	0	0	0	0.303	430.78	427.238	12.155
tree632	-11354.9	0	0	0	0.283	445.901	442.771	12.587
tree633	-11354.9	0	0	0	0.286	432.934	429.393	12.173
tree634	-11354.9	0	0	0	0.267	424.728	420.834	11.839
tree635	-11354.9	0	0	0	0.278	439.818	436.383	12.287
tree636	-11354.9	0	0	0	0.313	432.584	429.284	12.387
tree637	-11354.9	0	0	0	0.29	427.63	424.097	12.177
tree638	-11354.9	0	0	0	0.278	445.233	442.264	12.753
tree639	-11354.9	0	0	0	0.261	455.97	453.314	13.083
tree640	-11354.9	0	0	0	0.301	432.941	429.48	12.238
tree641	-11354.9	0	0	0	0.281	430.658	427.07	12.131
tree642	-11354.9	0	0	0	0.297	429.28	425.656	12.079
tree643	-11354.9	0	0	0	0.304	418.021	413.951	11.626
tree644	-11354.9	0	0	0	0.287	435.085	431.559	12.187
tree645	-11354.9	0	0	0	0.323	429.121	425.578	12.134
tree646	-11354.9	0	0	0	0.299	430.476	426.713	11.938
tree647	-11354.9	0	0	0	0.301	428.367	424.859	12.191
tree648	-11354.9	0	0	0	0.292	430.313	426.545	11.94
tree649	-11354.9	0	0	0	0.295	439.888	436.633	12.45
tree650	-11354.9	0	0	0	0.326	431.653	428.298	12.319
tree651	-11354.9	0	0	0	0.275	438.729	435.463	12.459
tree652	-11354.9	0	0	0	0.289	427.809	424.19	12.092
tree653	-11354.9	0	0	0	0.276	457.22	454.737	13.241
tree654	-11354.9	0	0	0	0.259	448.413	445.445	12.773
tree655	-11354.9	0	0	0	0.312	429.322	425.788	12.154
tree656	-11354.9	0	0	0	0.302	438.846	435.755	12.607
tree657	-11354.9	0	0	0	0.287	433.11	429.602	12.205
tree658	-11354.9	0	0	0	0.288	421.044	417.169	11.837
tree659	-11354.9	0	0	0	0.299	426.99	423.24	11.951
tree660	-11354.9	0	0	0	0.276	442.733	439.568	12.559
tree661	-11354.9	0	0	0	0.295	433.18	429.748	12.273
tree662	-11354.9	0	0	0	0.268	428.47	424.85	12.112
tree663	-11354.9	0	0	0	0.296	426.891	422.923	11.736
tree664	-11354.9	0	0	0	0.285	430.376	426.812	12.151
tree665	-11354.9	0	0	0	0.315	425.906	422.235	12.014
tree666	-11354.9	0	0	0	0.285	431.078	427.456	12.093
tree667	-11354.9	0	0	0	0.285	427.753	424.086	12.048
tree668	-11354.9	0	0	0	0.277	420.981	417.163	11.905
tree669	-11354.9	0	0	0	0.263	446.986	443.968	12.719
tree670	-11354.9	0	0	0	0.299	423.158	419.335	11.878
tree671	-11354.9	0	0	0	0.276	431.635	428.029	12.118
tree672	-11354.9	0	0	0	0.272	441.857	438.759	12.63
tree673	-11354.9	0	0	0	0.27	427.025	423.166	11.871
tree674	-11354.9	0	0	0	0.266	441.577	438.18	12.337
tree675	-11354.9	0	0	0	0.275	426.744	423.109	12.09
tree676	-11354.9	0	0	0	0.303	422.753	418.719	11.663
tree677	-11354.9	0	0	0	0.301	424.578	420.805	11.926
tree678	-11354.9	0	0	0	0.291	448.086	445.255	12.878
tree679	-11354.9	0	0	0	0.296	435.935	432.656	12.425
tree680	-11354.9	0	0	0	0.303	416.219	412.107	11.585
tree681	-11354.9	0	0	0	0.267	442.152	438.972	12.553
tree682	-11354.9	0	0	0	0.286	435.878	432.613	12.449
tree683	-11354.9	0	0	0	0.31	443.349	440.012	12.353
tree684	-11354.9	0	0	0	0.303	425.85	422.181	12.028
tree685	-11354.9	0	0	0	0.291	456.193	453.63	13.146
tree686	-11354.9	0	0	0	0.279	442.696	439.564	12.589
tree687	-11354.9	0	0	0	0.303	450.368	447.749	13.078
tree688	-11354.9	0	0	0	0.275	433.202	429.49	12.013
tree689	-11354.9	0	0	0	0.265	423.83	419.975	11.88
tree690	-11354.9	0	0	0	0.265	424.869	421.015	11.881
tree691	-11354.9	0	0	0	0.278	428.248	424.554	12.028
tree692	-11354.9	0	0	0	0.257	429.453	425.726	12.016
tree693	-11354.9	0	0	0	0.294	434.9	431.281	12.087
tree694	-11354.9	0	0	0	0.289	423.807	420.073	11.977
tree695	-11354.9	0	0	0	0.293	422.764	418.857	11.8
tree696	-11354.9	0	0	0	0.328	423.807	420.209	12.074
tree697	-11354.9	0	0	0	0.276	447.249	444.278	12.753
tree698	-11354.9	0	0	0	0.255	430.383	426.393	11.755
tree699	-11354.9	0	0	0	0.302	442.379	439.218	12.537
tree700	-11354.9	0	0	0	0.283	428.108	424.195	11.804
tree701	-11354.9	0	0	0	0.257	447.192	444.428	12.979
tree702	-11354.9	0	0	0	0.276	424.312	420.543	11.955
tree703	-11354.9	0	0	0	0.273	451.479	448.767	13.015
tree704	-11354.9	0	0	0	0.293	427.66	423.976	12.023
tree705	-11354.9	0	0	0	0.3	433.744	430.033	11.989
tree706	-11354.9	0	0	0	0.307	424.875	421.235	12.053
tree707	-11354.9	0	0	0	0.296	441.891	438.582	12.395
tree708	-11354.9	0	0	0	0.271	423.753	419.806	11.782
tree709	-11354.9	0	0	0	0.296	435.217	431.696	12.183
tree710	-11354.9	0	0	0	0.287	425.317	421.571	11.967
tree711	-11354.9	0	0	0	0.286	427.183	423.526	12.057
tree712	-11354.9	0	0	0	0.265	426.986	423.31	12.059
tree713	-11354.9	0	0	0	0.28	424.189	420.18	11.711
tree714	-11354.9	0	0	0	0.268	436.072	432.664	12.324
tree715	-11354.9	0	0	0	0.277	442.688	439.577	12.612
tree716	-11354.9	0	0	0	0.321	432.681	429.176	12.174
tree717	-11354.9	0	0	0	0.291	424.953	421.042	11.798
tree718	-11354.9	0	0	0	0.278	428.022	424.176	11.876
tree719	-11354.9	0	0	0	0.278	445.32	442.094	12.496
tree720	-11354.9	0	0	0	0.261	428.183	424.456	12.012
tree721	-11354.9	0	0	0	0.314	430.772	427.148	12.062
tree722	-11354.9	0	0	0	0.285	436.112	432.745	12.348
tree723	-11354.9	0	0	0	0.303	428.217	424.479	11.959
tree724	-11354.9	0	0	0	0.277	420.58	416.759	11.902
tree725	-11354.9	0	0	0	0.303	425.33	421.439	11.806
tree726	-11354.9	0	0	0	0.308	427.438	424.006	12.26
tree727	-11354.9	0	0	0	0.288	424.813	421.099	11.998
tree728	-11354.9	0	0	0	0.264	452.836	449.799	12.699
tree729	-11354.9	0	0	0	0.288	431.652	428.192	12.252
tree730	-11354.9	0	0	0	0.311	423.773	419.925	11.841
tree731	-11354.9	0	0	0	0.275	446.757	443.728	12.696
tree732	-11354.9	0	0	0	0.299	434.088	430.717	12.33
tree733	-11354.9	0	0	0	0.247	441.242	437.864	12.375
tree734	-11354.9	0	0	0	0.292	436.303	432.935	12.34
tree735	-11354.9	0	0	0	0.24	449.973	447.134	12.921
tree736	-11354.9	0	0	0	0.318	426.483	422.723	11.922
tree737	-11354.9	0	0	0	0.272	442.28	439.148	12.596
tree738	-11354.9	0	0	0	0.307	434.609	431.137	12.221
tree739	-11354.9	0	0	0	0.291	440.058	436.643	12.294
tree740	-11354.9	0	0	0	0.266	437.864	434.416	12.286
tree741	-11354.9	0	0	0	0.272	442.559	439.436	12.605
tree742	-11354.9	0	0	0	0.294	422.591	418.664	11.779
tree743	-11354.9	0	0	0	0.276	432.227	428.479	11.976
tree744	-11354.9	0	0	0	0.287	431.241	427.633	12.105
tree745	-11354.9	0	0	0	0.265	430.558	427.046	12.223
tree746	-11354.9	0	0	0	0.272	440.42	437.365	12.673
tree747	-11354.9	0	0	0	0.301	428.168	424.358	11.889
tree748	-11354.9	0	0	0	0.284	431.243	427.472	11.945
tree749	-11354.9	0	0	0	0.287	424.204	420.437	11.946
tree750	-11354.9	0	0	0	0.27	453.202	450.166	12.694
tree751	-11354.9	0	0	0	0.288	429.199	425.671	12.184
tree752	-11354.9	0	0	0	0.292	431.519	428.018	12.207
tree753	-11354.9	0	0	0	0.251	430.443	426.77	12.076
tree754	-11354.9	0	0	0	0.297	428.164	424.617	12.156
tree755	-11354.9	0	0	0	0.294	430.551	427.08	12.235
tree756	-11354.9	0	0	0	0.301	447.261	444.257	12.695
tree757	-11354.9	0	0	0	0.282	428.565	424.874	12.027
tree758	-11354.9	0	0	0	0.313	429.642	425.844	11.889
tree759	-11354.9	0	0	0	0.258	438.54	435.243	12.445
tree760	-11354.9	0	0	0	0.288	439.924	436.791	12.579
tree761	-11354.9	0	0	0	0.305	420.484	416.417	11.628
tree762	-11354.9	0	0	0	0.259	450.452	447.488	12.777
tree763	-11354.9	0	0	0	0.322	447.874	445.001	12.805
tree764	-11354.9	0	0	0	0.286	440.42	436.972	12.266
tree765	-11354.9	0	0	0	0.302	435.098	431.765	12.365
tree766	-11354.9	0	0	0	0.284	435	431.459	12.175
tree767	-11354.9	0	0	0	0.276	428.135	424.36	11.949
tree768	-11354.9	0	0	0	0.278	443.244	440.01	12.488
tree769	-11354.9	0	0	0	0.264	431.875	428.184	12.045
tree770	-11354.9	0	0	0	0.266	438.023	434.615	12.326
tree771	-11354.9	0	0	0	0.268	431.593	427.848	11.987
tree772	-11354.9	0	0	0	0.29	438.277	435.11	12.543
tree773	-11354.9	0	0	0	0.26	429.873	426.253	12.12
tree774	-11354.9	0	0	0	0.279	424.195	420.223	11.749
tree775	-11354.9	0	0	0	0.278	430.469	426.817	12.07
tree776	-11354.9	0	0	0	0.288	455.009	452.321	13.024
tree777	-11354.9	0	0	0	0.306	425.24	421.465	11.919
tree778	-11354.9	0	0	0	0.29	443.054	440.072	12.728
tree779	-11354.9	0	0	0	0.26	432.589	429.045	12.196
tree780	-11354.9	0	0	0	0.308	424.743	420.949	11.898
tree781	-11354.9	0	0	0	0.289	428.803	424.912	11.82
tree782	-11354.9	0	0	0	0.27	437.052	433.687	12.365
tree783	-11354.9	0	0	0	0.293	429.281	425.539	11.965
tree784	-11354.9	0	0	0	0.298	435.515	432.16	12.347
tree785	-11354.9	0	0	0	0.277	428.908	425.019	11.834
tree786	-11354.9	0	0	0	0.262	449.251	446.476	12.963
tree787	-11354.9	0	0	0	0.315	437.198	433.931	12.418
tree788	-11354.9	0	0	0	0.265	429.332	425.674	12.077
tree789	-11354.9	0	0	0	0.278	440.581	437.636	12.777
tree790	-11354.9	0	0	0	0.253	431.244	427.764	12.267
tree791	-11354.9	0	0	0	0.296	424.527	420.769	11.946
tree792	-11354.9	0	0	0	0.318	420.623	416.836	11.895
tree793	-11354.9	0	0	0	0.288	434.088	430.717	12.341
tree794	-11354.9	0	0	0	0.303	434.56	431.253	12.39
tree795	-11354.9	0	0	0	0.317	436.666	433.246	12.263
tree796	-11354.9	0	0	0	0.281	450.162	447.183	12.74
tree797	-11354.9	0	0	0	0.295	436.981	433.776	12.5
tree798	-11354.9	0	0	0	0.272	424.793	421.269	12.204
tree799	-11354.9	0	0	0	0.282	445.145	442.093	12.666
tree800	-11354.9	0	0	0	0.299	427.211	423.388	11.878
tree801	-11354.9	0	0	0	0.283	427.009	423.48	12.188
tree802	-11354.9	0	0	0	0.292	439.95	436.556	12.314
tree803	-11354.9	0	0	0	0.251	428.894	425.3	12.155
tree804	-11354.9	0	0	0	0.286	419.754	415.601	11.561
tree805	-11354.9	0	0	0	0.306	432.67	429.03	12.054
tree806	-11354.9	0	0	0	0.294	454.194	451.403	12.915
tree807	-11354.9	0	0	0	0.283	432.39	428.868	12.195
tree808	-11354.9	0	0	0	0.303	418.408	414.293	11.582
tree809	-11354.9	0	0	0	0.277	427.134	423.51	12.099
tree810	-11354.9	0	0	0	0.27	422.947	419.155	11.938
tree811	-11354.9	0	0	0	0.277	424.73	420.923	11.916
tree812	-11354.9	0	0	0	0.295	431.872	428.312	12.145
tree813	-11354.9	0	0	0	0.297	425.885	422.196	12.014
tree814	-11354.9	0	0	0	0.279	445.892	442.954	12.783
tree815	-11354.9	0	0	0	0.332	436.308	433.009	12.369
tree816	-11354.9	0	0	0	0.303	422.077	418.05	11.67
tree817	-11354.9	0	0	0	0.277	427.086	423.481	12.118
tree818	-11354.9	0	0	0	0.297	426.212	422.384	11.875
tree819	-11354.9	0	0	0	0.273	430.785	427.004	11.946
tree820	-11354.9	0	0	0	0.291	438.362	435.312	12.659
tree821	-11354.9	0	0	0	0.297	445.1	442.053	12.656
tree822	-11354.9	0	0	0	0.314	419.936	416.061	11.811
tree823	-11354.9	0	0	0	0.262	425.743	421.971	11.966
tree824	-11354.9	0	0	0	0.274	429.096	425.21	11.84
tree825	-11354.9	0	0	0	0.281	422.138	418.202	11.783
tree826	-11354.9	0	0	0	0.274	427.895	424.157	11.988
tree827	-11354.9	0	0	0	0.282	444.25	440.99	12.458
tree828	-11354.9	0	0	0	0.274	430.881	427.249	12.094
tree829	-11354.9	0	0	0	0.303	437.293	433.92	12.324
tree830	-11354.9	0	0	0	0.272	421.754	418.05	12.024
tree831	-11354.9	0	0	0	0.282	433.304	429.804	12.218
tree832	-11354.9	0	0	0	0.254	455.826	453.048	12.968
tree833	-11354.9	0	0	0	0.254	444.558	441.32	12.508
tree834	-11354.9	0	0	0	0.278	438.786	435.642	12.578
tree835	-11354.9	0	0	0	0.297	424.389	420.473	11.787
tree836	-11354.9	0	0	0	0.297	430.314	426.846	12.235
tree837	-11354.9	0	0	0	0.273	423.46	419.603	11.87
tree838	-11354.9	0	0	0	0.298	442.516	439.527	12.713
tree839	-11354.9	0	0	0	0.323	428.423	424.546	11.8
tree840	-11354.9	0	0	0	0.295	432.435	428.809	12.079
tree841	-11354.9	0	0	0	0.291	424.348	420.531	11.892
tree842	-11354.9	0	0	0	0.309	433.569	430.231	12.353
tree843	-11354.9	0	0	0	0.268	430.474	426.965	12.223
tree844	-11354.9	0	0	0	0.266	435.796	432.373	12.311
tree845	-11354.9	0	0	0	0.281	437.802	434.6	12.517
tree846	-11354.9	0	0	0	0.287	429.331	425.772	12.154
tree847	-11354.9	0	0	0	0.311	434.893	431.542	12.338
tree848	-11354.9	0	0	0	0.303	429.156	425.593	12.134
tree849	-11354.9	0	0	0	0.294	437.928	434.526	12.304
tree850	-11354.9	0	0	0	0.26	441.217	437.938	12.461
tree851	-11354.9	0	0	0	0.314	443.726	440.535	12.495
tree852	-11354.9	0	0	0	0.279	443.263	440.225	12.683
tree853	-11354.9	0	0	0	0.306	424.976	421.168	11.886
tree854	-11354.9	0	0	0	0.27	435.167	431.526	12.089
tree855	-11354.9	0	0	0	0.308	430.186	426.762	12.268
tree856	-11354.9	0	0	0	0.263	424.213	420.35	11.874
tree857	-11354.9	0	0	0	0.287	425.7	421.777	11.79
tree858	-11354.9	0	0	0	0.314	429.44	425.743	11.989
tree859	-11354.9	0	0	0	0.304	428.022	424.268	11.942
tree860	-11354.9	0	0	0	0.295	429.655	426.013	12.063
tree861	-11354.9	0	0	0	0.263	432.323	428.461	11.875
tree862	-11354.9	0	0	0	0.292	426.04	422.073	11.741
tree863	-11354.9	0	0	0	0.265	430.458	426.763	12.04
tree864	-11354.9	0	0	0	0.312	431.175	427.858	12.371
tree865	-11354.9	0	0	0	0.302	421.097	417.113	11.714
tree866	-11354.9	0	0	0	0.272	429.063	425.613	12.278
tree867	-11354.9	0	0	0	0.313	433.107	429.764	12.344
tree868	-11354.9	0	0	0	0.277	421.535	417.447	11.635
tree869	-11354.9	0	0	0	0.288	419.235	415.089	11.566
tree870	-11354.9	0	0	0	0.269	423.547	419.612	11.796
tree871	-11354.9	0	0	0	0.297	431.908	428.3	12.095
tree872	-11354.9	0	0	0	0.286	439.18	435.966	12.5
tree873	-11354.9	0	0	0	0.306	431.512	427.995	12.177
tree874	-11354.9	0	0	0	0.279	450.239	447.276	12.758
tree875	-11354.9	0	0	0	0.297	414.586	410.471	11.588
tree876	-11354.9	0	0	0	0.311	421.29	417.289	11.688
tree877	-11354.9	0	0	0	0.292	431.34	427.739	12.107
tree878	-11354.9	0	0	0	0.285	432.037	428.436	12.114
tree879	-11354.9	0	0	0	0.288	429.822	426.246	12.136
tree880	-11354.9	0	0	0	0.302	424.527	420.795	11.966
tree881	-11354.9	0	0	0	0.274	425.979	422.341	12.088
tree882	-11354.9	0	0	0	0.297	423.583	419.805	11.925
tree883	-11354.9	0	0	0	0.27	436.81	433.509	12.429
tree884	-11354.9	0	0	0	0.294	427.479	423.826	12.053
tree885	-11354.9	0	0	0	0.286	420.454	416.487	11.747
tree886	-11354.9	0	0	0	0.305	436.037	432.638	12.296
tree887	-11354.9	0	0	0	0.305	443.06	440.137	12.772
tree888	-11354.9	0	0	0	0.291	424.108	420.391	11.992
tree889	-11354.9	0	0	0	0.286	430.689	427.158	12.183
tree890	-11354.9	0	0	0	0.29	445.336	441.926	12.3
tree891	-11354.9	0	0	0	0.27	433.111	429.558	12.177
tree892	-11354.9	0	0	0	0.299	426.174	422.238	11.765
tree893	-11354.9	0	0	0	0.3	432.156	428.514	12.058
tree894	-11354.9	0	0	0	0.288	437.732	434.298	12.278
tree895	-11354.9	0	0	0	0.298	426.038	422.397	12.061
tree896	-11354.9	0	0	0	0.279	432.952	429.29	12.059
tree897	-11354.9	0	0	0	0.296	440.624	437.315	12.395
tree898	-11354.9	0	0	0	0.255	441.383	438.036	12.398
tree899	-11354.9	0	0	0	0.285	416.673	412.661	11.703
tree900	-11354.9	0	0	0	0.294	441.985	438.868	12.589
tree901	-11354.9	0	0	0	0.31	434.942	431.515	12.263
tree902	-11354.9	0	0	0	0.285	425.48	421.613	11.848
tree903	-11354.9	0	0	0	0.306	422.745	418.761	11.71
tree904	-11354.9	0	0	0	0.291	415.802	411.717	11.624
tree905	-11354.9	0	0	0	0.309	421.003	417.047	11.735
tree906	-11354.9	0	0	0	0.277	440.769	437.503	12.457
tree907	-11354.9	0	0	0	0.269	441.656	438.742	12.817
tree908	-11354.9	0	0	0	0.289	426.088	422.306	11.929
tree909	-11354.9	0	0	0	0.303	422.857	419.004	11.844
tree910	-11354.9	0	0	0	0.26	441.377	437.999	12.362
tree911	-11354.9	0	0	0	0.281	433.793	430.357	12.283
tree912	-11354.9	0	0	0	0.278	443.026	439.765	12.461
tree913	-11354.9	0	0	0	0.325	426.937	423.116	11.854
tree914	-11354.9	0	0	0	0.28	435.833	432.461	12.348
tree915	-11354.9	0	0	0	0.278	432.953	429.465	12.234
tree916	-11354.9	0	0	0	0.305	435.068	431.592	12.219
tree917	-11354.9	0	0	0	0.268	431.491	427.966	12.207
tree918	-11354.9	0	0	0	0.294	430.804	427.218	12.12
tree919	-11354.9	0	0	0	0.276	446.926	443.91	12.708
tree920	-11354.9	0	0	0	0.289	443.531	440.47	12.65
tree921	-11354.9	0	0	0	0.272	433.288	429.766	12.206
tree922	-11354.9	0	0	0	0.27	444.872	441.757	12.615
tree923	-11354.9	0	0	0	0.265	445.062	441.845	12.518
tree924	-11354.9	0	0	0	0.299	419.888	415.937	11.75
tree925	-11354.9	0	0	0	0.288	426.272	422.507	11.947
tree926	-11354.9	0	0	0	0.3	423.538	419.509	11.671
tree927	-11354.9	0	0	0	0.272	435.339	432.051	12.44
tree928	-11354.9	0	0	0	0.261	440.357	437.054	12.436
tree929	-11354.9	0	0	0	0.28	437.871	434.622	12.471
tree930	-11354.9	0	0	0	0.285	436.155	432.777	12.337
tree931	-11354.9	0	0	0	0.334	421.19	417.403	11.879
tree932	-11354.9	0	0	0	0.309	425.638	421.871	11.924
tree933	-11354.9	0	0	0	0.284	429.961	426.471	12.226
tree934	-11354.9	0	0	0	0.295	440.02	436.641	12.326
tree935	-11354.9	0	0	0	0.307	420.883	416.718	11.528
tree936	-11354.9	0	0	0	0.29	426.086	422.287	11.911
tree937	-11354.9	0	0	0	0.303	431.478	427.76	11.979
tree938	-11354.9	0	0	0	0.281	428.48	424.95	12.189
tree939	-11354.9	0	0	0	0.273	428.261	424.662	12.128
tree940	-11354.9	0	0	0	0.266	422.239	418.366	11.861
tree941	-11354.9	0	0	0	0.275	434.509	431.025	12.241
tree942	-11354.9	0	0	0	0.275	429.724	426.012	12.013
tree943	-11354.9	0	0	0	0.296	444.147	440.981	12.538
tree944	-11354.9	0	0	0	0.3	429.598	425.825	11.927
tree945	-11354.9	0	0	0	0.266	423.248	419.33	11.816
tree946	-11354.9	0	0	0	0.261	450.178	447.094	12.655
tree947	-11354.9	0	0	0	0.29	430.822	427.248	12.136
tree948	-11354.9	0	0	0	0.277	427.519	423.859	12.063
tree949	-11354.9	0	0	0	0.262	427.616	423.911	12.033
tree950	-11354.9	0	0	0	0.301	446.005	442.983	12.677
tree951	-11354.9	0	0	0	0.284	433.422	430.058	12.352
tree952	-11354.9	0	0	0	0.284	422.577	418.682	11.821
tree953	-11354.9	0	0	0	0.269	430.444	426.717	12.004
tree954	-11354.9	0	0	0	0.288	423.428	419.623	11.907
tree955	-11354.9	0	0	0	0.267	427.504	423.759	11.988
tree956	-11354.9	0	0	0	0.293	426.868	423.107	11.946
tree957	-11354.9	0	0	0	0.263	421.329	417.408	11.816
tree958	-11354.9	0	0	0	0.266	439.819	436.663	12.578
tree959	-11354.9	0	0	0	0.284	429.714	426.223	12.225
tree960	-11354.9	0	0	0	0.304	424.2	420.544	12.04
tree961	-11354.9	0	0	0	0.27	428.848	424.98	11.862
tree962	-11354.9	0	0	0	0.269	431.503	428.059	12.287
tree963	-11354.9	0	0	0	0.286	435.006	431.624	12.332
tree964	-11354.9	0	0	0	0.276	446.55	443.614	12.788
tree965	-11354.9	0	0	0	0.286	435.392	432.048	12.37
tree966	-11354.9	0	0	0	0.298	423.68	419.941	11.963
tree967	-11354.9	0	0	0	0.296	439.956	436.817	12.565
tree968	-11354.9	0	0	0	0.303	433.904	430.453	12.246
tree969	-11354.9	0	0	0	0.285	450.617	447.654	12.752
tree970	-11354.9	0	0	0	0.26	440.391	437.134	12.483
tree971	-11354.9	0	0	0	0.281	437.325	433.918	12.312
tree972	-11354.9	0	0	0	0.285	435.053	431.815	12.477
tree973	-11354.9	0	0	0	0.321	425.127	421.351	11.903
tree974	-11354.9	0	0	0	0.243	432.656	429.05	12.151
tree975	-11354.9	0	0	0	0.29	436.263	432.529	11.976
tree976	-11354.9	0	0	0	0.291	439.744	436.368	12.333
tree977	-11354.9	0	0	0	0.299	432.084	428.541	12.158
tree978	-11354.9	0	0	0	0.256	440.252	437.153	12.645
tree979	-11354.9	0	0	0	0.293	424.788	420.978	11.897
tree980	-11354.9	0	0	0	0.28	424.765	421.032	11.987
tree981	-11354.9	0	0	0	0.319	436.748	433.437	12.37
tree982	-11354.9	0	0	0	0.272	436.973	433.85	12.605
tree983	-11354.9	0	0	0	0.276	448.715	445.758	12.767
tree984	-11354.9	0	0	0	0.3	433.493	430.007	12.214
tree985	-11354.9	0	0	0	0.295	438.22	435.119	12.604
tree986	-11354.9	0	0	0	0.29	431.232	427.763	12.241
tree987	-11354.9	0	0	0	0.271	428.943	425.387	12.173
tree988	-11354.9	0	0	0	0.276	444.921	441.991	12.794
tree989	-11354.9	0	0	0	0.249	423.209	419.34	11.882
tree990	-11354.9	0	0	0	0.288	421.641	417.949	12.02
tree991	-11354.9	0	0	0	0.288	450.28	447.543	12.975
tree992	-11354.9	0	0	0	0.264	433.955	430.468	12.249
tree993	-11354.9	0	0	0	0.285	426.02	422.343	12.038
tree994	-11354.9	0	0	0	0.275	437.431	434.097	12.391
tree995	-11354.9	0	0	0	0.313	426.093	422.161	11.755
tree996	-11354.9	0	0	0	0.261	422.77	419.055	12.024
tree997	-11354.9	0	0	0	0.304	453.88	451.214	13.03
tree998	-11354.9	0	0	0	0.297	421.29	417.426	11.839
tree999	-11354.9	0	0	0	0.286	448.15	445.191	12.755
