SpTree	logl	delta	tau	lambda	duplications	transfers	losses	speciations
tree0	-11354.9	0.01	0	0	0.296	450.216	447.283	12.771
tree1	-11354.9	0.01	0	0	0.292	425.567	421.9	12.041
tree2	-11354.9	0.01	0	0	0.265	433.147	429.917	12.505
tree3	-11354.9	0.01	0	0	0.275	435.666	432.371	12.43
tree4	-11354.9	0.01	0	0	0.305	423.774	419.816	11.737
tree5	-11354.9	0.01	0	0	0.305	446.326	443.309	12.678
tree6	-11354.9	0.01	0	0	0.318	423.628	419.704	11.758
tree7	-11354.9	0.01	0	0	0.267	442.19	439.103	12.646
tree8	-11354.9	0.01	0	0	0.293	432.665	429.205	12.247
tree9	-11354.9	0.01	0	0	0.304	422.612	418.708	11.792
tree10	-11354.9	0.01	0	0	0.282	439.141	435.835	12.412
tree11	-11354.9	0.01	0	0	0.289	429.061	425.42	12.07
tree12	-11354.9	0.01	0	0	0.296	442.621	439.535	12.618
tree13	-11354.9	0.01	0	0	0.289	439.473	436.182	12.42
tree14	-11354.9	0.01	0	0	0.285	427.028	423.476	12.163
tree15	-11354.9	0.01	0	0	0.267	428.655	425.169	12.247
tree16	-11355	0.01	0	0	0.283	420.855	416.753	11.615
tree17	-11354.9	0.01	0	0	0.268	429.996	426.327	12.063
tree18	-11354.9	0.01	0	0	0.284	425.964	422.369	12.121
tree19	-11354.9	0.01	0	0	0.283	435.591	432.165	12.291
tree20	-11355	0.01	0	0	0.287	422.188	418.26	11.785
tree21	-11355	0.01	0	0	0.286	425.646	421.556	11.624
tree22	-11355	0.01	0	0	0.266	423.095	419.344	11.983
tree23	-11354.9	0.01	0	0	0.292	426.363	422.548	11.893
tree24	-11354.9	0.01	0	0	0.274	445.207	442.109	12.628
tree25	-11354.9	0.01	0	0	0.271	447.897	444.855	12.687
tree26	-11354.9	0.01	0	0	0.278	437.848	434.595	12.469
tree27	-11354.9	0.01	0	0	0.263	447.075	444.168	12.83
tree28	-11354.9	0.01	0	0	0.288	437.092	433.689	12.309
tree29	-11354.9	0.01	0	0	0.299	416.291	412.156	11.566
tree30	-11354.9	0.01	0	0	0.271	449.566	446.504	12.667
tree31	-11354.9	0.01	0	0	0.26	448.399	445.511	12.852
tree32	-11355	0.01	0	0	0.284	426.138	422.565	12.143
tree33	-11354.9	0.01	0	0	0.306	433.009	429.581	12.266
tree34	-11354.9	0.01	0	0	0.286	438.088	435.009	12.635
tree35	-11355	0.01	0	0	0.305	443.201	440.17	12.664
tree36	-11355	0.01	0	0	0.266	427.492	423.656	11.898
tree37	-11354.9	0.01	0	0	0.266	451.106	448.288	12.916
tree38	-11355	0.01	0	0	0.275	423.808	420.094	12.011
tree39	-11354.9	0.01	0	0	0.28	436.789	433.219	12.15
tree40	-11355	0.01	0	0	0.317	417.661	413.574	11.596
tree41	-11354.9	0.01	0	0	0.268	446.805	443.715	12.642
tree42	-11354.9	0.01	0	0	0.255	454.487	451.725	12.983
tree43	-11354.9	0.01	0	0	0.286	436.943	433.516	12.287
tree44	-11354.9	0.01	0	0	0.274	428.655	424.905	11.976
tree45	-11354.9	0.01	0	0	0.302	432.313	428.958	12.343
tree46	-11354.9	0.01	0	0	0.273	425.674	422.049	12.102
tree47	-11354.9	0.01	0	0	0.296	436.196	432.828	12.336
tree48	-11355	0.01	0	0	0.283	414.239	410.177	11.655
tree49	-11354.9	0.01	0	0	0.305	424.244	420.637	12.088
tree50	-11355	0.01	0	0	0.272	430.852	427.192	12.068
tree51	-11354.9	0.01	0	0	0.301	420.06	416.175	11.814
tree52	-11354.9	0.01	0	0	0.286	444.125	440.772	12.361
tree53	-11355	0.01	0	0	0.254	424.941	421.082	11.887
tree54	-11354.9	0.01	0	0	0.33	430.858	427.333	12.145
tree55	-11354.9	0.01	0	0	0.294	429.649	426.107	12.164
tree56	-11355	0.01	0	0	0.304	434.523	431.04	12.213
tree57	-11354.9	0.01	0	0	0.253	450.929	448.248	13.066
tree58	-11354.9	0.01	0	0	0.281	435.127	431.621	12.213
tree59	-11355	0.01	0	0	0.282	428.443	424.884	12.159
tree60	-11354.9	0.01	0	0	0.295	421.163	417.272	11.814
tree61	-11354.9	0.01	0	0	0.275	433.958	430.444	12.211
tree62	-11355	0.01	0	0	0.276	436.071	432.655	12.308
tree63	-11355	0.01	0	0	0.264	419.18	415.16	11.716
tree64	-11354.9	0.01	0	0	0.328	433.124	429.742	12.29
tree65	-11354.9	0.01	0	0	0.29	428.421	424.8	12.089
tree66	-11355	0.01	0	0	0.305	426.292	422.498	11.901
tree67	-11354.9	0.01	0	0	0.282	440.111	436.803	12.41
tree68	-11355	0.01	0	0	0.278	422.894	418.787	11.615
tree69	-11354.9	0.01	0	0	0.295	433.409	429.86	12.156
tree70	-11354.9	0.01	0	0	0.322	436.02	432.628	12.286
tree71	-11355	0.01	0	0	0.284	427.236	423.29	11.77
tree72	-11355	0.01	0	0	0.284	426.596	422.694	11.814
tree73	-11354.9	0.01	0	0	0.298	442.778	439.857	12.781
tree74	-11354.9	0.01	0	0	0.269	433.711	430.41	12.43
tree75	-11354.9	0.01	0	0	0.28	434.708	431.161	12.173
tree76	-11354.9	0.01	0	0	0.278	434.138	430.739	12.323
tree77	-11354.9	0.01	0	0	0.285	432.314	428.848	12.249
tree78	-11354.9	0.01	0	0	0.29	448.241	445.173	12.642
tree79	-11355	0.01	0	0	0.285	422.687	418.838	11.866
tree80	-11354.9	0.01	0	0	0.289	439.672	436.457	12.496
tree81	-11354.9	0.01	0	0	0.277	438.682	435.351	12.392
tree82	-11355	0.01	0	0	0.275	428.888	425.279	12.116
tree83	-11354.9	0.01	0	0	0.299	434.07	430.429	12.06
tree84	-11354.9	0.01	0	0	0.289	424.833	420.952	11.83
tree85	-11354.9	0.01	0	0	0.284	437.487	434.124	12.353
tree86	-11354.9	0.01	0	0	0.296	428.67	425.054	12.088
tree87	-11354.9	0.01	0	0	0.297	442.52	439.841	13.024
tree88	-11354.9	0.01	0	0	0.261	433.388	429.789	12.14
tree89	-11354.9	0.01	0	0	0.278	437.415	434.078	12.385
tree90	-11355	0.01	0	0	0.266	425.74	421.872	11.866
tree91	-11354.9	0.01	0	0	0.283	430.301	426.679	12.095
tree92	-11354.9	0.01	0	0	0.286	439.122	435.854	12.446
tree93	-11355	0.01	0	0	0.303	446.147	443.077	12.627
tree94	-11354.9	0.01	0	0	0.275	438.648	435.324	12.401
tree95	-11354.9	0.01	0	0	0.297	433.224	429.888	12.367
tree96	-11354.9	0.01	0	0	0.273	437.781	434.283	12.229
tree97	-11354.9	0.01	0	0	0.279	435.577	432.136	12.28
tree98	-11354.9	0.01	0	0	0.307	437.497	434.077	12.273
tree99	-11355	0.01	0	0	0.286	422.488	418.404	11.63
tree100	-11354.9	0.01	0	0	0.3	443.477	440.43	12.653
tree101	-11355	0.01	0	0	0.285	440.332	436.956	12.339
tree102	-11354.9	0.01	0	0	0.315	423.272	419.523	11.936
tree103	-11355	0.01	0	0	0.294	438.107	434.936	12.535
tree104	-11354.9	0.01	0	0	0.292	433.632	430.032	12.108
tree105	-11354.9	0.01	0	0	0.273	436.658	433.235	12.304
tree106	-11354.9	0.01	0	0	0.269	454.827	452.244	13.148
tree107	-11354.9	0.01	0	0	0.289	436.973	433.708	12.446
tree108	-11355	0.01	0	0	0.279	429.925	426.466	12.262
tree109	-11355	0.01	0	0	0.295	435.511	432.014	12.208
tree110	-11354.9	0.01	0	0	0.274	422.831	419.079	11.974
tree111	-11354.9	0.01	0	0	0.284	436.788	433.291	12.219
tree112	-11354.9	0.01	0	0	0.29	437.957	434.795	12.548
tree113	-11355	0.01	0	0	0.31	423.633	419.666	11.723
tree114	-11354.9	0.01	0	0	0.268	421.054	417.071	11.749
tree115	-11354.9	0.01	0	0	0.277	441.361	438.163	12.525
tree116	-11354.9	0.01	0	0	0.287	438.403	434.914	12.224
tree117	-11354.9	0.01	0	0	0.324	422.505	418.822	11.993
tree118	-11354.9	0.01	0	0	0.327	426.409	422.475	11.739
tree119	-11354.9	0.01	0	0	0.305	449.089	446.328	12.934
tree120	-11354.9	0.01	0	0	0.289	429.512	426.034	12.233
tree121	-11354.9	0.01	0	0	0.284	443.632	440.432	12.516
tree122	-11354.9	0.01	0	0	0.27	426.223	422.517	12.024
tree123	-11355	0.01	0	0	0.269	432.13	428.524	12.125
tree124	-11354.9	0.01	0	0	0.26	427.384	423.608	11.964
tree125	-11354.9	0.01	0	0	0.309	424.035	420.302	11.958
tree126	-11354.9	0.01	0	0	0.291	423.364	419.421	11.766
tree127	-11355	0.01	0	0	0.292	417.645	413.679	11.742
tree128	-11354.9	0.01	0	0	0.289	426.857	422.993	11.847
tree129	-11355	0.01	0	0	0.258	424.759	420.802	11.785
tree130	-11355	0.01	0	0	0.28	417.617	413.634	11.737
tree131	-11354.9	0.01	0	0	0.262	439.09	435.685	12.333
tree132	-11354.9	0.01	0	0	0.278	449.331	446.37	12.761
tree133	-11354.9	0.01	0	0	0.252	438.082	434.734	12.4
tree134	-11354.9	0.01	0	0	0.27	434.561	431.198	12.367
tree135	-11355	0.01	0	0	0.301	420.105	416.395	11.989
tree136	-11354.9	0.01	0	0	0.246	436.383	432.845	12.216
tree137	-11354.9	0.01	0	0	0.308	437.441	433.91	12.161
tree138	-11354.9	0.01	0	0	0.287	452.773	450.124	13.064
tree139	-11354.9	0.01	0	0	0.282	444.324	441.346	12.74
tree140	-11355	0.01	0	0	0.287	433.154	429.496	12.055
tree141	-11354.9	0.01	0	0	0.274	421.587	417.842	11.981
tree142	-11355	0.01	0	0	0.298	424.636	420.773	11.839
tree143	-11354.9	0.01	0	0	0.296	435.089	431.759	12.374
tree144	-11354.9	0.01	0	0	0.264	446.923	443.829	12.642
tree145	-11354.9	0.01	0	0	0.3	431.946	428.308	12.062
tree146	-11354.9	0.01	0	0	0.272	430.05	426.439	12.117
tree147	-11354.9	0.01	0	0	0.272	445.097	441.897	12.528
tree148	-11354.9	0.01	0	0	0.275	433.051	429.411	12.085
tree149	-11354.9	0.01	0	0	0.278	431.476	427.75	11.996
tree150	-11355	0.01	0	0	0.286	422.88	419.07	11.904
tree151	-11354.9	0.01	0	0	0.272	421.803	418.034	11.959
tree152	-11355	0.01	0	0	0.293	429.672	426.186	12.221
tree153	-11354.9	0.01	0	0	0.305	438.999	435.738	12.434
tree154	-11354.9	0.01	0	0	0.265	428.513	424.632	11.854
tree155	-11355	0.01	0	0	0.291	425.96	422.313	12.062
tree156	-11354.9	0.01	0	0	0.261	434.367	431.04	12.412
tree157	-11354.9	0.01	0	0	0.301	428.086	424.146	11.759
tree158	-11354.9	0.01	0	0	0.261	444.258	441.163	12.644
tree159	-11355	0.01	0	0	0.3	430.367	426.658	11.991
tree160	-11354.9	0.01	0	0	0.291	444.961	441.673	12.421
tree161	-11354.9	0.01	0	0	0.308	447.378	444.546	12.86
tree162	-11354.9	0.01	0	0	0.274	433.885	430.402	12.243
tree163	-11354.9	0.01	0	0	0.303	446.234	443.218	12.681
tree164	-11354.9	0.01	0	0	0.29	429.5	425.686	11.896
tree165	-11355	0.01	0	0	0.26	422.961	419.043	11.822
tree166	-11354.9	0.01	0	0	0.279	447.21	444.11	12.621
tree167	-11354.9	0.01	0	0	0.31	418.966	415.087	11.811
tree168	-11354.9	0.01	0	0	0.277	424.697	420.951	11.977
tree169	-11354.9	0.01	0	0	0.29	432.735	429.322	12.297
tree170	-11354.9	0.01	0	0	0.305	431.036	427.341	12
tree171	-11355	0.01	0	0	0.294	429.689	425.821	11.838
tree172	-11354.9	0.01	0	0	0.315	424.234	420.649	12.1
tree173	-11354.9	0.01	0	0	0.308	430.876	427.169	11.985
tree174	-11355	0.01	0	0	0.314	428.205	424.597	12.078
tree175	-11354.9	0.01	0	0	0.259	439.999	436.657	12.399
tree176	-11355	0.01	0	0	0.245	440.737	437.269	12.287
tree177	-11354.9	0.01	0	0	0.253	444.874	441.781	12.654
tree178	-11355	0.01	0	0	0.298	429.249	425.615	12.068
tree179	-11354.9	0.01	0	0	0.281	448.723	445.758	12.754
tree180	-11355	0.01	0	0	0.274	429.778	426.11	12.058
tree181	-11354.9	0.01	0	0	0.264	445.596	442.541	12.681
tree182	-11354.9	0.01	0	0	0.278	439.712	436.283	12.293
tree183	-11355	0.01	0	0	0.295	435.878	432.284	12.111
tree184	-11354.9	0.01	0	0	0.282	436.841	433.608	12.485
tree185	-11354.9	0.01	0	0	0.308	417.595	413.612	11.709
tree186	-11354.9	0.01	0	0	0.287	433.743	430.46	12.43
tree187	-11354.9	0.01	0	0	0.277	444.293	440.997	12.427
tree188	-11355	0.01	0	0	0.305	426.999	423.354	12.05
tree189	-11354.9	0.01	0	0	0.295	444.61	441.711	12.806
tree190	-11355	0.01	0	0	0.294	429.245	425.396	11.857
tree191	-11354.9	0.01	0	0	0.278	444.575	441.506	12.653
tree192	-11354.9	0.01	0	0	0.273	433.662	430.382	12.447
tree193	-11355	0.01	0	0	0.306	427.895	424.216	12.015
tree194	-11354.9	0.01	0	0	0.285	433.807	430.43	12.338
tree195	-11355	0.01	0	0	0.282	422.111	418.162	11.769
tree196	-11355	0.01	0	0	0.293	422.932	419.055	11.83
tree197	-11354.9	0.01	0	0	0.284	430.391	426.76	12.085
tree198	-11354.9	0.01	0	0	0.302	440.456	437.326	12.568
tree199	-11355	0.01	0	0	0.297	426.953	423.147	11.897
tree200	-11354.9	0.01	0	0	0.285	445.527	442.43	12.618
tree201	-11354.9	0.01	0	0	0.289	426.326	422.688	12.073
tree202	-11355	0.01	0	0	0.289	423.03	419.26	11.941
tree203	-11354.9	0.01	0	0	0.273	433.517	429.93	12.14
tree204	-11354.9	0.01	0	0	0.26	450.69	447.891	12.941
tree205	-11354.9	0.01	0	0	0.301	443.309	440.128	12.518
tree206	-11354.9	0.01	0	0	0.258	423.845	419.997	11.894
tree207	-11355	0.01	0	0	0.292	431.236	427.666	12.138
tree208	-11354.9	0.01	0	0	0.272	437.518	434.464	12.674
tree209	-11354.9	0.01	0	0	0.269	452.032	449.273	12.972
tree210	-11354.9	0.01	0	0	0.259	433.829	430.121	12.033
tree211	-11354.9	0.01	0	0	0.314	442.479	439.417	12.624
tree212	-11354.9	0.01	0	0	0.28	425.563	421.877	12.034
tree213	-11354.9	0.01	0	0	0.259	444.99	441.864	12.615
tree214	-11355	0.01	0	0	0.289	430.15	426.341	11.902
tree215	-11354.9	0.01	0	0	0.299	425.679	422.114	12.136
tree216	-11354.9	0.01	0	0	0.296	446.671	443.768	12.801
tree217	-11354.9	0.01	0	0	0.282	432.68	429.163	12.201
tree218	-11354.9	0.01	0	0	0.29	443.887	440.664	12.487
tree219	-11354.9	0.01	0	0	0.281	449.321	446.548	12.946
tree220	-11355	0.01	0	0	0.316	432.602	428.972	12.054
tree221	-11354.9	0.01	0	0	0.31	426.69	422.878	11.878
tree222	-11354.9	0.01	0	0	0.278	421.213	417.332	11.841
tree223	-11354.9	0.01	0	0	0.277	430.602	427.115	12.236
tree224	-11354.9	0.01	0	0	0.268	431.197	427.879	12.414
tree225	-11354.9	0.01	0	0	0.277	425.642	421.875	11.956
tree226	-11354.9	0.01	0	0	0.291	453.622	451.087	13.174
tree227	-11355	0.01	0	0	0.317	418.931	414.763	11.515
tree228	-11354.9	0.01	0	0	0.296	441.495	438.303	12.512
tree229	-11354.9	0.01	0	0	0.286	453.855	451.039	12.898
tree230	-11354.9	0.01	0	0	0.266	449.503	446.457	12.688
tree231	-11354.9	0.01	0	0	0.31	428.964	425.209	11.935
tree232	-11354.9	0.01	0	0	0.309	424.926	421.216	11.981
tree233	-11354.9	0.01	0	0	0.27	448.485	445.247	12.492
tree234	-11354.9	0.01	0	0	0.275	428.118	424.543	12.15
tree235	-11355	0.01	0	0	0.277	426.908	422.954	11.769
tree236	-11354.9	0.01	0	0	0.285	429.568	425.865	12.012
tree237	-11354.9	0.01	0	0	0.284	427.735	424.108	12.089
tree238	-11354.9	0.01	0	0	0.306	421.994	418.058	11.758
tree239	-11354.9	0.01	0	0	0.283	448.975	446.072	12.814
tree240	-11355	0.01	0	0	0.273	422.453	418.703	11.977
tree241	-11354.9	0.01	0	0	0.296	434.795	431.332	12.241
tree242	-11355	0.01	0	0	0.258	420.083	416.014	11.673
tree243	-11354.9	0.01	0	0	0.272	463.016	460.586	13.298
tree244	-11354.9	0.01	0	0	0.299	437.892	434.554	12.363
tree245	-11354.9	0.01	0	0	0.278	430.606	427.07	12.186
tree246	-11354.9	0.01	0	0	0.294	427.052	423.469	12.123
tree247	-11354.9	0.01	0	0	0.322	426.212	422.826	12.292
tree248	-11355	0.01	0	0	0.304	418.135	414.145	11.706
tree249	-11355	0.01	0	0	0.299	426.935	423.407	12.173
tree250	-11354.9	0.01	0	0	0.256	436.562	433.38	12.562
tree251	-11354.9	0.01	0	0	0.289	423.658	419.85	11.903
tree252	-11354.9	0.01	0	0	0.265	443.404	440.406	12.737
tree253	-11354.9	0.01	0	0	0.316	418.92	415.017	11.781
tree254	-11354.9	0.01	0	0	0.296	438.654	435.309	12.359
tree255	-11355	0.01	0	0	0.285	425.849	422.175	12.041
tree256	-11354.9	0.01	0	0	0.281	424.363	420.535	11.891
tree257	-11354.9	0.01	0	0	0.291	430.607	427.078	12.18
tree258	-11354.9	0.01	0	0	0.291	432.612	429.359	12.456
tree259	-11354.9	0.01	0	0	0.279	441.989	438.843	12.575
tree260	-11354.9	0.01	0	0	0.277	430.072	426.45	12.101
tree261	-11355	0.01	0	0	0.3	424.046	420.267	11.921
tree262	-11354.9	0.01	0	0	0.295	432.194	428.878	12.389
tree263	-11354.9	0.01	0	0	0.284	432.094	428.458	12.08
tree264	-11354.9	0.01	0	0	0.282	443.297	440.218	12.639
tree265	-11354.9	0.01	0	0	0.29	428.715	425.107	12.102
tree266	-11354.9	0.01	0	0	0.269	421.544	417.546	11.733
tree267	-11354.9	0.01	0	0	0.294	439.003	435.644	12.347
tree268	-11355	0.01	0	0	0.302	430.341	426.699	12.056
tree269	-11354.9	0.01	0	0	0.298	433.372	429.833	12.163
tree270	-11354.9	0.01	0	0	0.312	432.122	428.512	12.078
tree271	-11354.9	0.01	0	0	0.284	446.662	443.665	12.719
tree272	-11355	0.01	0	0	0.29	438.34	435.117	12.487
tree273	-11354.9	0.01	0	0	0.295	429.406	425.809	12.108
tree274	-11354.9	0.01	0	0	0.277	431.591	427.892	12.024
tree275	-11354.9	0.01	0	0	0.292	427.974	424.215	11.949
tree276	-11355	0.01	0	0	0.313	428.1	424.325	11.912
tree277	-11354.9	0.01	0	0	0.302	434.613	431.226	12.311
tree278	-11354.9	0.01	0	0	0.261	432.302	428.639	12.076
tree279	-11354.9	0.01	0	0	0.285	426.663	422.929	11.981
tree280	-11355	0.01	0	0	0.278	429.433	426.023	12.312
tree281	-11354.9	0.01	0	0	0.249	431.024	427.482	12.209
tree282	-11354.9	0.01	0	0	0.316	435.925	432.479	12.238
tree283	-11354.9	0.01	0	0	0.272	431.383	427.851	12.196
tree284	-11354.9	0.01	0	0	0.27	448.869	445.882	12.743
tree285	-11354.9	0.01	0	0	0.279	433.078	429.79	12.433
tree286	-11354.9	0.01	0	0	0.318	438.13	434.764	12.316
tree287	-11354.9	0.01	0	0	0.289	442.129	438.818	12.4
tree288	-11354.9	0.01	0	0	0.253	440.964	437.607	12.39
tree289	-11354.9	0.01	0	0	0.315	432.854	429.37	12.201
tree290	-11354.9	0.01	0	0	0.279	444.028	440.849	12.542
tree291	-11355	0.01	0	0	0.285	423.966	420.294	12.043
tree292	-11354.9	0.01	0	0	0.26	435.609	432.394	12.525
tree293	-11354.9	0.01	0	0	0.292	432.393	428.824	12.139
tree294	-11355	0.01	0	0	0.302	416.366	412.301	11.633
tree295	-11355	0.01	0	0	0.31	427.191	423.299	11.798
tree296	-11355	0.01	0	0	0.291	428.248	424.589	12.05
tree297	-11354.9	0.01	0	0	0.307	424.988	421.353	12.058
tree298	-11354.9	0.01	0	0	0.31	428.864	425.348	12.174
tree299	-11355	0.01	0	0	0.304	420.443	416.265	11.518
tree300	-11354.9	0.01	0	0	0.289	446.65	443.727	12.788
tree301	-11354.9	0.01	0	0	0.282	429.276	425.796	12.238
tree302	-11354.9	0.01	0	0	0.262	440.084	436.648	12.302
tree303	-11354.9	0.01	0	0	0.291	431.992	428.491	12.208
tree304	-11354.9	0.01	0	0	0.276	444.752	441.62	12.592
tree305	-11355	0.01	0	0	0.274	442.801	439.754	12.679
tree306	-11354.9	0.01	0	0	0.289	427.779	424.086	12.018
tree307	-11354.9	0.01	0	0	0.282	438.069	434.921	12.57
tree308	-11354.9	0.01	0	0	0.284	439.744	436.418	12.39
tree309	-11354.9	0.01	0	0	0.277	440.847	437.474	12.35
tree310	-11354.9	0.01	0	0	0.278	429.096	425.391	12.017
tree311	-11354.9	0.01	0	0	0.298	430.089	426.547	12.16
tree312	-11354.9	0.01	0	0	0.273	437.634	434.373	12.466
tree313	-11354.9	0.01	0	0	0.284	444.58	441.589	12.725
tree314	-11354.9	0.01	0	0	0.309	432.925	429.366	12.132
tree315	-11354.9	0.01	0	0	0.288	443.213	440.025	12.524
tree316	-11354.9	0.01	0	0	0.306	425.048	421.119	11.765
tree317	-11354.9	0.01	0	0	0.263	449.353	446.223	12.607
tree318	-11354.9	0.01	0	0	0.286	425.177	421.431	11.968
tree319	-11354.9	0.01	0	0	0.313	422.769	418.755	11.673
tree320	-11355	0.01	0	0	0.302	426.786	422.985	11.897
tree321	-11354.9	0.01	0	0	0.276	425.255	421.738	12.207
tree322	-11354.9	0.01	0	0	0.282	426.433	422.648	11.933
tree323	-11354.9	0.01	0	0	0.264	436.226	432.901	12.411
tree324	-11355	0.01	0	0	0.305	427.137	423.365	11.923
tree325	-11354.9	0.01	0	0	0.264	446.466	443.496	12.766
tree326	-11355	0.01	0	0	0.293	434.539	431.239	12.407
tree327	-11354.9	0.01	0	0	0.304	432.411	428.952	12.237
tree328	-11354.9	0.01	0	0	0.273	457.764	455.179	13.142
tree329	-11354.9	0.01	0	0	0.268	431.518	427.984	12.198
tree330	-11355	0.01	0	0	0.297	416.21	412.162	11.655
tree331	-11354.9	0.01	0	0	0.289	438.177	434.693	12.227
tree332	-11354.9	0.01	0	0	0.28	434.957	431.424	12.187
tree333	-11354.9	0.01	0	0	0.286	433.013	429.808	12.509
tree334	-11354.9	0.01	0	0	0.305	446.87	443.823	12.648
tree335	-11354.9	0.01	0	0	0.282	423.651	419.772	11.839
tree336	-11354.9	0.01	0	0	0.294	431.859	428.272	12.119
tree337	-11354.9	0.01	0	0	0.253	430.366	426.776	12.157
tree338	-11354.9	0.01	0	0	0.289	428.46	424.85	12.101
tree339	-11355	0.01	0	0	0.296	442.881	439.493	12.316
tree340	-11355	0.01	0	0	0.277	416.236	411.956	11.443
tree341	-11354.9	0.01	0	0	0.293	429.523	425.954	12.138
tree342	-11354.9	0.01	0	0	0.29	428.588	424.877	11.999
tree343	-11355	0.01	0	0	0.274	428.859	425.21	12.077
tree344	-11354.9	0.01	0	0	0.286	429.721	426.194	12.187
tree345	-11354.9	0.01	0	0	0.268	445.136	442.077	12.673
tree346	-11354.9	0.01	0	0	0.278	426.355	422.612	11.979
tree347	-11354.9	0.01	0	0	0.301	439.59	436.205	12.314
tree348	-11354.9	0.01	0	0	0.272	435.8	432.454	12.382
tree349	-11354.9	0.01	0	0	0.26	433.924	430.418	12.234
tree350	-11354.9	0.01	0	0	0.296	435.286	431.828	12.246
tree351	-11354.9	0.01	0	0	0.281	436.105	432.632	12.246
tree352	-11354.9	0.01	0	0	0.289	431.873	428.287	12.125
tree353	-11354.9	0.01	0	0	0.27	434.198	430.894	12.426
tree354	-11354.9	0.01	0	0	0.305	426.224	422.456	11.927
tree355	-11354.9	0.01	0	0	0.299	444.577	441.688	12.812
tree356	-11354.9	0.01	0	0	0.269	440.822	437.58	12.489
tree357	-11354.9	0.01	0	0	0.267	437.114	433.689	12.308
tree358	-11354.9	0.01	0	0	0.264	455.777	453.061	13.02
tree359	-11355	0.01	0	0	0.295	418.972	415.068	11.801
tree360	-11354.9	0.01	0	0	0.295	432.251	428.89	12.344
tree361	-11355	0.01	0	0	0.277	426.495	422.716	11.944
tree362	-11354.9	0.01	0	0	0.274	443.729	440.649	12.646
tree363	-11354.9	0.01	0	0	0.291	431.282	428.044	12.471
tree364	-11354.9	0.01	0	0	0.269	444.891	441.975	12.815
tree365	-11354.9	0.01	0	0	0.261	437.612	434.313	12.44
tree366	-11354.9	0.01	0	0	0.311	426.064	422.365	11.99
tree367	-11354.9	0.01	0	0	0.306	434.546	431.257	12.405
tree368	-11354.9	0.01	0	0	0.274	437.184	433.839	12.381
tree369	-11354.9	0.01	0	0	0.311	432.844	429.306	12.151
tree370	-11354.9	0.01	0	0	0.296	432.55	429.001	12.155
tree371	-11354.9	0.01	0	0	0.291	423.313	419.548	11.944
tree372	-11355	0.01	0	0	0.325	422.05	418.118	11.743
tree373	-11354.9	0.01	0	0	0.297	436.424	433.062	12.341
tree374	-11354.9	0.01	0	0	0.265	437.415	434.153	12.473
tree375	-11355	0.01	0	0	0.273	433.869	430.293	12.151
tree376	-11354.9	0.01	0	0	0.275	428.669	425.149	12.205
tree377	-11355	0.01	0	0	0.283	425.312	421.563	11.968
tree378	-11355	0.01	0	0	0.289	416.652	412.468	11.527
tree379	-11354.9	0.01	0	0	0.294	431.929	428.269	12.046
tree380	-11354.9	0.01	0	0	0.288	422.492	418.539	11.759
tree381	-11354.9	0.01	0	0	0.303	433.458	429.898	12.137
tree382	-11354.9	0.01	0	0	0.303	446.445	443.295	12.547
tree383	-11354.9	0.01	0	0	0.293	445.9	442.676	12.483
tree384	-11355	0.01	0	0	0.264	435.105	431.627	12.258
tree385	-11355	0.01	0	0	0.323	421.412	417.365	11.63
tree386	-11354.9	0.01	0	0	0.268	446.852	443.973	12.853
tree387	-11354.9	0.01	0	0	0.275	437.287	433.835	12.273
tree388	-11354.9	0.01	0	0	0.28	441.241	437.778	12.257
tree389	-11354.9	0.01	0	0	0.276	449.261	446.366	12.829
tree390	-11355	0.01	0	0	0.3	427.243	423.63	12.087
tree391	-11355	0.01	0	0	0.295	429.788	426.18	12.097
tree392	-11354.9	0.01	0	0	0.273	427.474	423.806	12.059
tree393	-11354.9	0.01	0	0	0.271	438.779	435.62	12.57
tree394	-11355	0.01	0	0	0.287	421.342	417.552	11.923
tree395	-11354.9	0.01	0	0	0.294	427.026	423.334	12.014
tree396	-11354.9	0.01	0	0	0.259	445.343	442.229	12.627
tree397	-11354.9	0.01	0	0	0.251	443.114	439.968	12.603
tree398	-11355	0.01	0	0	0.314	421.299	417.419	11.806
tree399	-11355	0.01	0	0	0.274	422.388	418.472	11.81
tree400	-11354.9	0.01	0	0	0.266	432.465	428.93	12.199
tree401	-11354.9	0.01	0	0	0.278	427.462	423.794	12.054
tree402	-11354.9	0.01	0	0	0.292	428.132	424.383	11.959
tree403	-11354.9	0.01	0	0	0.296	428.073	424.216	11.847
tree404	-11354.9	0.01	0	0	0.289	460.952	458.596	13.355
tree405	-11354.9	0.01	0	0	0.319	433.839	430.4	12.242
tree406	-11354.9	0.01	0	0	0.263	438.732	435.251	12.256
tree407	-11354.9	0.01	0	0	0.306	435.892	432.46	12.262
tree408	-11355	0.01	0	0	0.314	423.547	419.623	11.762
tree409	-11354.9	0.01	0	0	0.301	433.63	430.181	12.25
tree410	-11354.9	0.01	0	0	0.255	432.713	429.168	12.2
tree411	-11354.9	0.01	0	0	0.303	426.286	422.474	11.885
tree412	-11354.9	0.01	0	0	0.299	431.731	428.242	12.212
tree413	-11354.9	0.01	0	0	0.308	423.256	419.432	11.868
tree414	-11355	0.01	0	0	0.333	423.026	419.119	11.76
tree415	-11354.9	0.01	0	0	0.283	422.771	418.848	11.794
tree416	-11354.9	0.01	0	0	0.278	426.647	422.692	11.767
tree417	-11355	0.01	0	0	0.286	419.965	415.95	11.699
tree418	-11354.9	0.01	0	0	0.29	446.992	444.1	12.818
tree419	-11354.9	0.01	0	0	0.284	424.688	421.149	12.177
tree420	-11355	0.01	0	0	0.277	434.104	430.69	12.309
tree421	-11354.9	0.01	0	0	0.303	423.453	419.716	11.96
tree422	-11355	0.01	0	0	0.322	417.946	414.069	11.801
tree423	-11354.9	0.01	0	0	0.312	421.356	417.156	11.488
tree424	-11354.9	0.01	0	0	0.295	438.412	434.962	12.255
tree425	-11355	0.01	0	0	0.279	434.415	430.804	12.11
tree426	-11355	0.01	0	0	0.28	430.329	426.526	11.917
tree427	-11355	0.01	0	0	0.282	428.814	425.337	12.241
tree428	-11354.9	0.01	0	0	0.278	428.835	425.211	12.098
tree429	-11354.9	0.01	0	0	0.264	446.343	443.449	12.842
tree430	-11354.9	0.01	0	0	0.257	445.829	442.604	12.518
tree431	-11354.9	0.01	0	0	0.284	429.163	425.561	12.114
tree432	-11354.9	0.01	0	0	0.269	453.124	450.058	12.665
tree433	-11354.9	0.01	0	0	0.272	429.401	425.821	12.148
tree434	-11354.9	0.01	0	0	0.286	449.375	446.489	12.828
tree435	-11354.9	0.01	0	0	0.298	422.133	418.296	11.865
tree436	-11354.9	0.01	0	0	0.255	432.456	429.062	12.351
tree437	-11354.9	0.01	0	0	0.308	440.681	437.488	12.499
tree438	-11354.9	0.01	0	0	0.29	430.166	426.267	11.811
tree439	-11355	0.01	0	0	0.322	420.451	416.369	11.596
tree440	-11354.9	0.01	0	0	0.285	431.682	428.232	12.265
tree441	-11355	0.01	0	0	0.287	429.125	425.327	11.915
tree442	-11354.9	0.01	0	0	0.28	427.846	424.138	12.012
tree443	-11354.9	0.01	0	0	0.263	429.059	425.61	12.288
tree444	-11354.9	0.01	0	0	0.283	452.936	450.216	12.997
tree445	-11355	0.01	0	0	0.295	430.375	426.846	12.176
tree446	-11355	0.01	0	0	0.305	418.714	414.79	11.771
tree447	-11355	0.01	0	0	0.275	430.301	426.535	11.959
tree448	-11354.9	0.01	0	0	0.3	427.38	423.794	12.114
tree449	-11355	0.01	0	0	0.273	420.678	416.648	11.697
tree450	-11354.9	0.01	0	0	0.331	417.751	413.617	11.535
tree451	-11354.9	0.01	0	0	0.282	435.731	432.26	12.247
tree452	-11354.9	0.01	0	0	0.278	441.249	437.95	12.423
tree453	-11354.9	0.01	0	0	0.273	432.095	428.522	12.154
tree454	-11354.9	0.01	0	0	0.256	414.915	410.781	11.61
tree455	-11354.9	0.01	0	0	0.283	427.772	423.993	11.938
tree456	-11354.9	0.01	0	0	0.293	430.034	426.441	12.114
tree457	-11354.9	0.01	0	0	0.278	424.874	421.013	11.861
tree458	-11354.9	0.01	0	0	0.288	431.818	427.897	11.791
tree459	-11354.9	0.01	0	0	0.287	426.663	422.855	11.905
tree460	-11355	0.01	0	0	0.293	424.687	420.717	11.737
tree461	-11354.9	0.01	0	0	0.305	428.06	424.305	11.94
tree462	-11354.9	0.01	0	0	0.315	426.854	423.06	11.891
tree463	-11355	0.01	0	0	0.279	421.852	417.906	11.775
tree464	-11354.9	0.01	0	0	0.295	425.712	422.002	11.995
tree465	-11355	0.01	0	0	0.266	433.279	429.896	12.351
tree466	-11354.9	0.01	0	0	0.296	429.031	425.222	11.895
tree467	-11355	0.01	0	0	0.299	435.063	431.401	12.039
tree468	-11354.9	0.01	0	0	0.259	442.362	439.321	12.7
tree469	-11355	0.01	0	0	0.282	424.084	420.316	11.95
tree470	-11354.9	0.01	0	0	0.294	430.117	426.375	11.964
tree471	-11354.9	0.01	0	0	0.275	450.402	447.569	12.892
tree472	-11354.9	0.01	0	0	0.283	443.931	440.954	12.74
tree473	-11355	0.01	0	0	0.285	428.861	425.206	12.06
tree474	-11354.9	0.01	0	0	0.261	441.717	438.468	12.49
tree475	-11354.9	0.01	0	0	0.269	451.974	449.271	13.028
tree476	-11354.9	0.01	0	0	0.286	433.417	429.945	12.242
tree477	-11354.9	0.01	0	0	0.262	448.271	445.322	12.789
tree478	-11354.9	0.01	0	0	0.292	428.453	424.763	12.018
tree479	-11354.9	0.01	0	0	0.301	429.048	425.424	12.075
tree480	-11354.9	0.01	0	0	0.284	427.262	423.609	12.063
tree481	-11354.9	0.01	0	0	0.3	434.725	431.347	12.322
tree482	-11354.9	0.01	0	0	0.299	422.753	418.848	11.796
tree483	-11354.9	0.01	0	0	0.298	437.45	434.158	12.41
tree484	-11355	0.01	0	0	0.27	421.014	416.933	11.649
tree485	-11354.9	0.01	0	0	0.28	433.208	429.914	12.426
tree486	-11354.9	0.01	0	0	0.263	432.664	428.999	12.072
tree487	-11354.9	0.01	0	0	0.286	436.87	433.41	12.254
tree488	-11354.9	0.01	0	0	0.267	430.907	427.381	12.207
tree489	-11354.9	0.01	0	0	0.292	426.857	423.092	11.943
tree490	-11354.9	0.01	0	0	0.267	444.326	441.098	12.505
tree491	-11355	0.01	0	0	0.301	424.913	420.881	11.667
tree492	-11354.9	0.01	0	0	0.301	431.785	428.339	12.253
tree493	-11355	0.01	0	0	0.292	422.116	418.067	11.659
tree494	-11354.9	0.01	0	0	0.311	425.082	421.504	12.111
tree495	-11354.9	0.01	0	0	0.29	452.426	449.747	13.031
tree496	-11354.9	0.01	0	0	0.3	425.291	421.336	11.745
tree497	-11354.9	0.01	0	0	0.281	439.136	435.719	12.302
tree498	-11354.9	0.01	0	0	0.299	422.992	419.212	11.921
tree499	-11355	0.01	0	0	0.293	420.764	416.683	11.626
tree500	-11354.9	0.01	0	0	0.296	425.543	421.844	12.005
tree501	-11354.9	0.01	0	0	0.303	450.203	447.368	12.862
tree502	-11354.9	0.01	0	0	0.309	437.171	433.78	12.3
tree503	-11354.9	0.01	0	0	0.308	435.801	432.471	12.362
tree504	-11354.9	0.01	0	0	0.285	422.247	418.506	11.974
tree505	-11354.9	0.01	0	0	0.306	429.524	425.883	12.053
tree506	-11355	0.01	0	0	0.277	419.496	415.657	11.884
tree507	-11354.9	0.01	0	0	0.276	440.12	437.004	12.608
tree508	-11354.9	0.01	0	0	0.284	438.876	435.505	12.345
tree509	-11354.9	0.01	0	0	0.312	434.118	430.867	12.437
tree510	-11354.9	0.01	0	0	0.269	429.702	426.105	12.134
tree511	-11354.9	0.01	0	0	0.278	423.793	419.98	11.909
tree512	-11355	0.01	0	0	0.293	426.898	423.08	11.889
tree513	-11354.9	0.01	0	0	0.316	428.961	425.299	12.022
tree514	-11354.9	0.01	0	0	0.302	434.437	430.995	12.256
tree515	-11355	0.01	0	0	0.275	424.223	420.432	11.934
tree516	-11354.9	0.01	0	0	0.296	448.284	445.175	12.595
tree517	-11354.9	0.01	0	0	0.289	434.8	431.466	12.377
tree518	-11354.9	0.01	0	0	0.263	435.102	431.872	12.507
tree519	-11354.9	0.01	0	0	0.283	444.287	441.174	12.604
tree520	-11355	0.01	0	0	0.275	432.301	428.963	12.387
tree521	-11355	0.01	0	0	0.281	428.525	424.917	12.111
tree522	-11354.9	0.01	0	0	0.278	436.579	433.185	12.328
tree523	-11354.9	0.01	0	0	0.297	438.645	435.493	12.551
tree524	-11354.9	0.01	0	0	0.338	427.245	423.62	12.037
tree525	-11354.9	0.01	0	0	0.273	428.967	425.375	12.135
tree526	-11354.9	0.01	0	0	0.276	420.018	416.204	11.91
tree527	-11354.9	0.01	0	0	0.261	439.715	436.302	12.326
tree528	-11354.9	0.01	0	0	0.303	437.388	434.081	12.39
tree529	-11354.9	0.01	0	0	0.287	452.518	449.583	12.778
tree530	-11354.9	0.01	0	0	0.289	434.053	430.648	12.306
tree531	-11354.9	0.01	0	0	0.273	429.358	425.612	11.981
tree532	-11354.9	0.01	0	0	0.287	433.001	429.555	12.267
tree533	-11354.9	0.01	0	0	0.3	434.148	430.547	12.099
tree534	-11355	0.01	0	0	0.282	421.615	417.664	11.767
tree535	-11354.9	0.01	0	0	0.311	426.362	422.692	12.019
tree536	-11354.9	0.01	0	0	0.288	449.639	446.73	12.803
tree537	-11354.9	0.01	0	0	0.251	441.88	438.639	12.508
tree538	-11354.9	0.01	0	0	0.28	429.325	425.749	12.144
tree539	-11354.9	0.01	0	0	0.297	442.77	439.566	12.499
tree540	-11354.9	0.01	0	0	0.254	442.793	439.604	12.557
tree541	-11354.9	0.01	0	0	0.304	439.94	436.672	12.428
tree542	-11354.9	0.01	0	0	0.282	433.683	430.171	12.206
tree543	-11354.9	0.01	0	0	0.289	439.887	436.579	12.403
tree544	-11354.9	0.01	0	0	0.28	426.422	422.582	11.88
tree545	-11354.9	0.01	0	0	0.299	430.008	426.334	12.027
tree546	-11355	0.01	0	0	0.253	424.384	420.683	12.046
tree547	-11354.9	0.01	0	0	0.227	452.737	449.824	12.86
tree548	-11354.9	0.01	0	0	0.265	419.82	415.695	11.61
tree549	-11354.9	0.01	0	0	0.283	442.563	439.582	12.736
tree550	-11354.9	0.01	0	0	0.28	439.178	436.046	12.588
tree551	-11354.9	0.01	0	0	0.297	447.913	445.01	12.8
tree552	-11355	0.01	0	0	0.275	435.218	431.969	12.476
tree553	-11354.9	0.01	0	0	0.264	432.839	429.394	12.291
tree554	-11355	0.01	0	0	0.284	430.834	427.351	12.233
tree555	-11354.9	0.01	0	0	0.319	426.339	422.607	11.949
tree556	-11354.9	0.01	0	0	0.274	436.96	433.688	12.454
tree557	-11354.9	0.01	0	0	0.266	426.24	422.577	12.071
tree558	-11354.9	0.01	0	0	0.287	440.967	437.737	12.483
tree559	-11354.9	0.01	0	0	0.316	442.297	439.224	12.611
tree560	-11355	0.01	0	0	0.279	432.813	429.322	12.23
tree561	-11355	0.01	0	0	0.292	427.414	423.589	11.883
tree562	-11354.9	0.01	0	0	0.284	456.162	453.379	12.933
tree563	-11354.9	0.01	0	0	0.27	448.014	445.036	12.752
tree564	-11354.9	0.01	0	0	0.263	438.993	435.57	12.314
tree565	-11355	0.01	0	0	0.307	431.467	427.966	12.192
tree566	-11354.9	0.01	0	0	0.296	438.418	435.2	12.486
tree567	-11355	0.01	0	0	0.301	425.27	421.356	11.785
tree568	-11355	0.01	0	0	0.283	434.825	431.247	12.139
tree569	-11355	0.01	0	0	0.281	427.107	423.358	11.97
tree570	-11355	0.01	0	0	0.329	421.405	417.494	11.76
tree571	-11354.9	0.01	0	0	0.296	433.458	430.098	12.344
tree572	-11354.9	0.01	0	0	0.289	433.63	430.208	12.289
tree573	-11355	0.01	0	0	0.286	425.373	421.376	11.717
tree574	-11354.9	0.01	0	0	0.289	432.98	429.186	11.917
tree575	-11355	0.01	0	0	0.283	425.416	421.811	12.112
tree576	-11354.9	0.01	0	0	0.258	447.522	444.481	12.701
tree577	-11354.9	0.01	0	0	0.261	423.652	419.801	11.888
tree578	-11355	0.01	0	0	0.28	421.364	417.448	11.804
tree579	-11354.9	0.01	0	0	0.29	435.883	432.426	12.253
tree580	-11355	0.01	0	0	0.293	433.865	430.158	12
tree581	-11354.9	0.01	0	0	0.271	435.775	432.349	12.303
tree582	-11355	0.01	0	0	0.307	430.184	426.566	12.075
tree583	-11354.9	0.01	0	0	0.316	443.842	440.809	12.651
tree584	-11354.9	0.01	0	0	0.277	425.344	421.603	11.982
tree585	-11354.9	0.01	0	0	0.312	431.935	428.336	12.089
tree586	-11354.9	0.01	0	0	0.307	426.535	422.786	11.944
tree587	-11354.9	0.01	0	0	0.257	426.143	422.544	12.144
tree588	-11354.9	0.01	0	0	0.268	429.23	425.581	12.083
tree589	-11354.9	0.01	0	0	0.285	426.001	422.066	11.78
tree590	-11355	0.01	0	0	0.341	428.126	424.297	11.83
tree591	-11354.9	0.01	0	0	0.277	424.959	421.371	12.135
tree592	-11355	0.01	0	0	0.31	421.986	418.055	11.759
tree593	-11355	0.01	0	0	0.295	430.556	427.05	12.199
tree594	-11354.9	0.01	0	0	0.293	423.361	419.417	11.763
tree595	-11354.9	0.01	0	0	0.305	431.075	427.594	12.214
tree596	-11354.9	0.01	0	0	0.303	418.291	414.505	11.911
tree597	-11354.9	0.01	0	0	0.281	423.163	419.056	11.612
tree598	-11354.9	0.01	0	0	0.293	452.703	450.156	13.16
tree599	-11355	0.01	0	0	0.301	417.403	413.299	11.595
tree600	-11354.9	0.01	0	0	0.306	433.08	429.743	12.357
tree601	-11355	0.01	0	0	0.306	417.866	413.833	11.661
tree602	-11354.9	0.01	0	0	0.243	436.896	433.301	12.162
tree603	-11355	0.01	0	0	0.278	420.068	416.126	11.78
tree604	-11354.9	0.01	0	0	0.3	432.121	428.595	12.174
tree605	-11354.9	0.01	0	0	0.279	435.099	431.643	12.265
tree606	-11354.9	0.01	0	0	0.291	453.359	450.749	13.099
tree607	-11355	0.01	0	0	0.292	426.719	422.978	11.967
tree608	-11354.9	0.01	0	0	0.326	424.896	421.194	11.972
tree609	-11355	0.01	0	0	0.297	426.99	423.15	11.863
tree610	-11354.9	0.01	0	0	0.261	438.453	435.251	12.537
tree611	-11355	0.01	0	0	0.283	427.445	423.656	11.928
tree612	-11354.9	0.01	0	0	0.261	443.661	440.618	12.696
tree613	-11354.9	0.01	0	0	0.301	439.181	436.065	12.583
tree614	-11354.9	0.01	0	0	0.283	447.484	444.461	12.694
tree615	-11354.9	0.01	0	0	0.297	428.718	425.096	12.081
tree616	-11355	0.01	0	0	0.303	422.075	418.357	11.979
tree617	-11355	0.01	0	0	0.252	427.272	423.632	12.108
tree618	-11355	0.01	0	0	0.287	419.292	415.205	11.626
tree619	-11355	0.01	0	0	0.286	419.39	415.319	11.643
tree620	-11354.9	0.01	0	0	0.296	435.273	431.975	12.406
tree621	-11354.9	0.01	0	0	0.302	429.571	426.002	12.129
tree622	-11354.9	0.01	0	0	0.299	428.334	424.687	12.054
tree623	-11355	0.01	0	0	0.293	423.188	419.405	11.924
tree624	-11354.9	0.01	0	0	0.276	456.657	454.012	13.079
tree625	-11355	0.01	0	0	0.293	428.379	424.642	11.97
tree626	-11354.9	0.01	0	0	0.263	427.319	423.464	11.882
tree627	-11355	0.01	0	0	0.296	435.388	431.815	12.131
tree628	-11354.9	0.01	0	0	0.306	432.777	429.219	12.136
tree629	-11354.9	0.01	0	0	0.29	428.671	425.117	12.156
tree630	-11354.9	0.01	0	0	0.257	446.389	443.167	12.521
tree631	-11355	0.01	0	0	0.292	424.848	421.085	11.945
tree632	-11354.9	0.01	0	0	0.284	451.921	449.148	12.943
tree633	-11354.9	0.01	0	0	0.306	430.788	427.238	12.144
tree634	-11354.9	0.01	0	0	0.27	427.267	423.54	12.003
tree635	-11354.9	0.01	0	0	0.26	433.644	430.289	12.385
tree636	-11354.9	0.01	0	0	0.325	430.822	427.332	12.185
tree637	-11355	0.01	0	0	0.295	433.137	429.624	12.192
tree638	-11354.9	0.01	0	0	0.25	440.241	436.837	12.346
tree639	-11354.9	0.01	0	0	0.276	455.036	452.322	13.01
tree640	-11354.9	0.01	0	0	0.286	436.632	433.335	12.417
tree641	-11354.9	0.01	0	0	0.309	423.795	420.204	12.1
tree642	-11354.9	0.01	0	0	0.273	434.485	430.78	12.022
tree643	-11355	0.01	0	0	0.326	427.537	423.712	11.849
tree644	-11354.9	0.01	0	0	0.278	433.758	430.421	12.385
tree645	-11354.9	0.01	0	0	0.298	425.499	421.704	11.907
tree646	-11355	0.01	0	0	0.291	427.12	423.421	12.01
tree647	-11355	0.01	0	0	0.305	425.099	421.5	12.096
tree648	-11354.9	0.01	0	0	0.26	441.553	438.258	12.445
tree649	-11354.9	0.01	0	0	0.305	437.68	434.335	12.35
tree650	-11355	0.01	0	0	0.277	430.586	426.862	11.999
tree651	-11354.9	0.01	0	0	0.305	431.247	427.779	12.227
tree652	-11354.9	0.01	0	0	0.278	436.874	433.545	12.393
tree653	-11354.9	0.01	0	0	0.271	449.245	446.432	12.916
tree654	-11354.9	0.01	0	0	0.26	450.427	447.777	13.09
tree655	-11354.9	0.01	0	0	0.274	423.655	419.839	11.91
tree656	-11354.9	0.01	0	0	0.3	436.572	433.204	12.332
tree657	-11354.9	0.01	0	0	0.308	429.85	426.379	12.221
tree658	-11355	0.01	0	0	0.233	420.383	416.412	11.796
tree659	-11354.9	0.01	0	0	0.279	432.838	429.411	12.294
tree660	-11354.9	0.01	0	0	0.293	449.349	446.425	12.783
tree661	-11355	0.01	0	0	0.29	433.145	429.736	12.301
tree662	-11354.9	0.01	0	0	0.267	418.115	414.221	11.839
tree663	-11355	0.01	0	0	0.284	425.656	421.96	12.02
tree664	-11355	0.01	0	0	0.258	436.507	432.918	12.153
tree665	-11354.9	0.01	0	0	0.305	423.46	419.609	11.844
tree666	-11354.9	0.01	0	0	0.264	432.754	429.274	12.256
tree667	-11354.9	0.01	0	0	0.281	438.302	434.752	12.169
tree668	-11354.9	0.01	0	0	0.262	427.879	424.099	11.958
tree669	-11354.9	0.01	0	0	0.279	449.734	446.769	12.756
tree670	-11354.9	0.01	0	0	0.283	427.638	423.818	11.897
tree671	-11354.9	0.01	0	0	0.307	432.186	428.591	12.098
tree672	-11354.9	0.01	0	0	0.282	438.217	434.77	12.271
tree673	-11355	0.01	0	0	0.309	427.664	423.765	11.792
tree674	-11354.9	0.01	0	0	0.277	441.043	437.662	12.342
tree675	-11354.9	0.01	0	0	0.281	434.261	430.73	12.188
tree676	-11355	0.01	0	0	0.309	425.808	421.874	11.757
tree677	-11355	0.01	0	0	0.299	421.86	418.002	11.843
tree678	-11354.9	0.01	0	0	0.27	445.97	442.869	12.629
tree679	-11354.9	0.01	0	0	0.274	435.608	432.276	12.394
tree680	-11355	0.01	0	0	0.273	422.314	418.212	11.625
tree681	-11354.9	0.01	0	0	0.262	437.656	434.328	12.41
tree682	-11354.9	0.01	0	0	0.259	444.866	441.702	12.577
tree683	-11355	0.01	0	0	0.24	438.119	434.796	12.437
tree684	-11355	0.01	0	0	0.254	430.481	426.589	11.854
tree685	-11354.9	0.01	0	0	0.297	451.331	448.574	12.946
tree686	-11354.9	0.01	0	0	0.274	448.742	445.706	12.69
tree687	-11354.9	0.01	0	0	0.282	446.882	443.983	12.819
tree688	-11354.9	0.01	0	0	0.292	436.605	433.174	12.277
tree689	-11354.9	0.01	0	0	0.307	423.55	419.787	11.93
tree690	-11354.9	0.01	0	0	0.318	427.72	424.175	12.137
tree691	-11355	0.01	0	0	0.293	430.468	426.874	12.113
tree692	-11355	0.01	0	0	0.299	432.098	428.636	12.239
tree693	-11355	0.01	0	0	0.298	432.243	428.77	12.229
tree694	-11355	0.01	0	0	0.284	425.587	421.819	11.948
tree695	-11355	0.01	0	0	0.292	427.591	423.846	11.963
tree696	-11354.9	0.01	0	0	0.258	427.882	424.242	12.102
tree697	-11354.9	0.01	0	0	0.276	448.373	445.4	12.751
tree698	-11354.9	0.01	0	0	0.294	429.756	425.994	11.944
tree699	-11354.9	0.01	0	0	0.309	446.789	443.789	12.691
tree700	-11354.9	0.01	0	0	0.268	430.65	426.993	12.075
tree701	-11354.9	0.01	0	0	0.257	446.203	443.203	12.743
tree702	-11354.9	0.01	0	0	0.279	427.009	423.402	12.114
tree703	-11354.9	0.01	0	0	0.254	446.471	443.327	12.602
tree704	-11354.9	0.01	0	0	0.288	424.356	420.795	12.151
tree705	-11354.9	0.01	0	0	0.258	436.016	432.727	12.453
tree706	-11355	0.01	0	0	0.294	431.587	427.947	12.066
tree707	-11354.9	0.01	0	0	0.281	435.347	431.839	12.211
tree708	-11354.9	0.01	0	0	0.298	427.227	423.408	11.883
tree709	-11354.9	0.01	0	0	0.278	429.312	425.529	11.939
tree710	-11354.9	0.01	0	0	0.283	426.699	423.104	12.122
tree711	-11354.9	0.01	0	0	0.316	426.459	422.743	11.968
tree712	-11354.9	0.01	0	0	0.312	427.914	424.337	12.111
tree713	-11355	0.01	0	0	0.262	424.356	420.492	11.874
tree714	-11354.9	0.01	0	0	0.292	434.162	430.543	12.089
tree715	-11354.9	0.01	0	0	0.29	444.844	441.645	12.511
tree716	-11354.9	0.01	0	0	0.273	434.533	431.189	12.383
tree717	-11355	0.01	0	0	0.31	419.183	415.486	11.993
tree718	-11354.9	0.01	0	0	0.293	432.612	428.901	11.996
tree719	-11354.9	0.01	0	0	0.313	444.437	441.522	12.772
tree720	-11354.9	0.01	0	0	0.318	422.085	418.285	11.882
tree721	-11354.9	0.01	0	0	0.267	440.223	436.935	12.445
tree722	-11354.9	0.01	0	0	0.3	429.199	425.679	12.18
tree723	-11354.9	0.01	0	0	0.274	426.068	422.159	11.817
tree724	-11354.9	0.01	0	0	0.282	419.425	415.535	11.828
tree725	-11355	0.01	0	0	0.305	425.03	421.098	11.763
tree726	-11354.9	0.01	0	0	0.293	424.574	420.884	12.017
tree727	-11355	0.01	0	0	0.29	425.762	422.131	12.079
tree728	-11354.9	0.01	0	0	0.249	450.144	447.111	12.718
tree729	-11354.9	0.01	0	0	0.293	425.433	421.928	12.202
tree730	-11355	0.01	0	0	0.297	422.362	418.64	11.981
tree731	-11354.9	0.01	0	0	0.275	445.164	442.132	12.693
tree732	-11354.9	0.01	0	0	0.271	436.253	433.03	12.506
tree733	-11354.9	0.01	0	0	0.284	444.507	441.387	12.596
tree734	-11355	0.01	0	0	0.296	429.244	425.637	12.097
tree735	-11354.9	0.01	0	0	0.292	449.092	445.952	12.568
tree736	-11355	0.01	0	0	0.31	434.395	430.911	12.206
tree737	-11354.9	0.01	0	0	0.26	444.68	441.537	12.597
tree738	-11354.9	0.01	0	0	0.298	438.536	435.163	12.329
tree739	-11354.9	0.01	0	0	0.271	440.218	436.897	12.408
tree740	-11354.9	0.01	0	0	0.258	444.39	441.134	12.486
tree741	-11354.9	0.01	0	0	0.314	438.134	434.752	12.304
tree742	-11355	0.01	0	0	0.288	423.882	419.957	11.787
tree743	-11354.9	0.01	0	0	0.288	435.846	432.461	12.327
tree744	-11355	0.01	0	0	0.285	431.911	428.534	12.338
tree745	-11354.9	0.01	0	0	0.29	435.483	431.871	12.098
tree746	-11354.9	0.01	0	0	0.304	437.134	433.799	12.361
tree747	-11354.9	0.01	0	0	0.282	434.636	431.336	12.418
tree748	-11355	0.01	0	0	0.296	433.884	430.374	12.194
tree749	-11354.9	0.01	0	0	0.282	424.357	420.38	11.741
tree750	-11354.9	0.01	0	0	0.264	449.418	446.526	12.844
tree751	-11355	0.01	0	0	0.271	428.886	425.319	12.162
tree752	-11354.9	0.01	0	0	0.3	435.606	432.164	12.258
tree753	-11355	0.01	0	0	0.296	432.124	428.693	12.273
tree754	-11355	0.01	0	0	0.318	425.317	421.705	12.07
tree755	-11354.9	0.01	0	0	0.324	426.354	422.521	11.843
tree756	-11354.9	0.01	0	0	0.251	440.994	437.955	12.71
tree757	-11355	0.01	0	0	0.287	418.215	414.131	11.629
tree758	-11354.9	0.01	0	0	0.32	432.669	429.273	12.284
tree759	-11354.9	0.01	0	0	0.278	448.81	445.769	12.681
tree760	-11354.9	0.01	0	0	0.271	436.107	432.703	12.325
tree761	-11355	0.01	0	0	0.279	421.599	417.709	11.831
tree762	-11354.9	0.01	0	0	0.289	450.415	447.396	12.692
tree763	-11354.9	0.01	0	0	0.289	445.34	442.27	12.641
tree764	-11354.9	0.01	0	0	0.297	435.094	431.841	12.45
tree765	-11354.9	0.01	0	0	0.301	443.476	440.165	12.388
tree766	-11354.9	0.01	0	0	0.299	428.743	425.209	12.167
tree767	-11354.9	0.01	0	0	0.293	430.32	426.508	11.895
tree768	-11355	0.01	0	0	0.267	444.791	441.587	12.529
tree769	-11355	0.01	0	0	0.267	431.538	427.954	12.149
tree770	-11355	0.01	0	0	0.275	439.249	435.821	12.297
tree771	-11354.9	0.01	0	0	0.288	429.166	425.492	12.038
tree772	-11354.9	0.01	0	0	0.264	436.119	432.762	12.379
tree773	-11355	0.01	0	0	0.318	428.497	424.676	11.861
tree774	-11355	0.01	0	0	0.288	419.192	415.111	11.631
tree775	-11354.9	0.01	0	0	0.267	435.429	432.133	12.437
tree776	-11354.9	0.01	0	0	0.295	446.073	443.209	12.841
tree777	-11355	0.01	0	0	0.296	425.769	422.185	12.12
tree778	-11354.9	0.01	0	0	0.307	452.54	449.662	12.815
tree779	-11354.9	0.01	0	0	0.283	434.908	431.54	12.349
tree780	-11354.9	0.01	0	0	0.336	431.646	428.146	12.164
tree781	-11355	0.01	0	0	0.281	425.475	421.491	11.735
tree782	-11354.9	0.01	0	0	0.299	438.134	435.092	12.659
tree783	-11354.9	0.01	0	0	0.29	432.757	429.288	12.241
tree784	-11355	0.01	0	0	0.281	433.605	429.999	12.113
tree785	-11354.9	0.01	0	0	0.301	423.267	419.429	11.861
tree786	-11354.9	0.01	0	0	0.254	452.478	449.727	12.995
tree787	-11354.9	0.01	0	0	0.284	433.709	430.139	12.146
tree788	-11354.9	0.01	0	0	0.316	431.194	427.651	12.141
tree789	-11354.9	0.01	0	0	0.249	437.536	434.123	12.338
tree790	-11354.9	0.01	0	0	0.303	426.16	422.277	11.814
tree791	-11354.9	0.01	0	0	0.271	431.193	427.571	12.107
tree792	-11355	0.01	0	0	0.307	416.955	412.866	11.604
tree793	-11355	0.01	0	0	0.275	433.942	430.455	12.238
tree794	-11354.9	0.01	0	0	0.269	440.514	437.092	12.309
tree795	-11354.9	0.01	0	0	0.284	432.878	429.566	12.404
tree796	-11354.9	0.01	0	0	0.281	447.487	444.596	12.828
tree797	-11355	0.01	0	0	0.274	436.139	432.815	12.402
tree798	-11354.9	0.01	0	0	0.3	425.49	421.711	11.921
tree799	-11354.9	0.01	0	0	0.289	444.468	441.298	12.541
tree800	-11354.9	0.01	0	0	0.296	425.952	422.224	11.976
tree801	-11354.9	0.01	0	0	0.282	422.942	418.996	11.772
tree802	-11354.9	0.01	0	0	0.271	440.155	436.991	12.565
tree803	-11354.9	0.01	0	0	0.257	432.17	428.545	12.118
tree804	-11355	0.01	0	0	0.273	417.797	413.941	11.871
tree805	-11355	0.01	0	0	0.278	424.958	421.181	11.945
tree806	-11354.9	0.01	0	0	0.265	447.957	445.043	12.821
tree807	-11354.9	0.01	0	0	0.267	429.936	426.182	11.979
tree808	-11355	0.01	0	0	0.293	419.696	415.861	11.872
tree809	-11354.9	0.01	0	0	0.307	427.88	424.349	12.162
tree810	-11355	0.01	0	0	0.309	419.62	415.585	11.656
tree811	-11354.9	0.01	0	0	0.274	431.715	428.131	12.142
tree812	-11354.9	0.01	0	0	0.296	432.541	428.943	12.106
tree813	-11354.9	0.01	0	0	0.307	423.387	419.523	11.829
tree814	-11354.9	0.01	0	0	0.266	447.796	444.924	12.862
tree815	-11354.9	0.01	0	0	0.294	431.599	428.075	12.182
tree816	-11355	0.01	0	0	0.282	424.8	420.856	11.774
tree817	-11354.9	0.01	0	0	0.275	429.098	425.458	12.085
tree818	-11355	0.01	0	0	0.274	427.231	423.498	11.993
tree819	-11355	0.01	0	0	0.298	418.798	414.807	11.711
tree820	-11354.9	0.01	0	0	0.3	432.808	429.107	11.999
tree821	-11354.9	0.01	0	0	0.283	446.177	443.019	12.559
tree822	-11355	0.01	0	0	0.3	418.5	414.581	11.781
tree823	-11354.9	0.01	0	0	0.27	423.584	419.9	12.046
tree824	-11355	0.01	0	0	0.307	427.652	424.033	12.074
tree825	-11354.9	0.01	0	0	0.269	426.36	422.434	11.805
tree826	-11355	0.01	0	0	0.287	423.444	419.694	11.963
tree827	-11354.9	0.01	0	0	0.299	441.635	438.712	12.778
tree828	-11354.9	0.01	0	0	0.315	432.432	429.026	12.279
tree829	-11354.9	0.01	0	0	0.25	436.245	432.921	12.426
tree830	-11354.9	0.01	0	0	0.309	434.398	431.175	12.468
tree831	-11354.9	0.01	0	0	0.316	431.489	428.182	12.377
tree832	-11354.9	0.01	0	0	0.262	450.815	448.01	12.933
tree833	-11354.9	0.01	0	0	0.264	443.311	440.202	12.627
tree834	-11355	0.01	0	0	0.275	433.262	429.747	12.21
tree835	-11354.9	0.01	0	0	0.28	424.173	420.427	11.974
tree836	-11354.9	0.01	0	0	0.3	429.113	425.61	12.197
tree837	-11354.9	0.01	0	0	0.316	424.212	420.371	11.843
tree838	-11354.9	0.01	0	0	0.28	453.561	450.724	12.883
tree839	-11355	0.01	0	0	0.304	426.517	422.748	11.927
tree840	-11354.9	0.01	0	0	0.293	423.486	419.622	11.843
tree841	-11355	0.01	0	0	0.305	424.21	420.364	11.849
tree842	-11354.9	0.01	0	0	0.292	433.009	429.526	12.225
tree843	-11355	0.01	0	0	0.285	428.153	424.232	11.794
tree844	-11354.9	0.01	0	0	0.274	434.674	431.323	12.375
tree845	-11354.9	0.01	0	0	0.268	434.408	430.814	12.138
tree846	-11354.9	0.01	0	0	0.239	434.65	431.349	12.46
tree847	-11354.9	0.01	0	0	0.311	431.259	427.724	12.154
tree848	-11354.9	0.01	0	0	0.263	438.138	434.597	12.196
tree849	-11354.9	0.01	0	0	0.29	431.565	428.158	12.303
tree850	-11354.9	0.01	0	0	0.31	442.626	439.709	12.773
tree851	-11354.9	0.01	0	0	0.271	442.05	438.846	12.525
tree852	-11354.9	0.01	0	0	0.253	445.21	441.997	12.534
tree853	-11355	0.01	0	0	0.285	430.304	426.562	11.973
tree854	-11354.9	0.01	0	0	0.278	436.465	433.223	12.48
tree855	-11355	0.01	0	0	0.298	432.329	428.87	12.243
tree856	-11354.9	0.01	0	0	0.311	423.747	419.896	11.838
tree857	-11354.9	0.01	0	0	0.286	420.731	416.809	11.792
tree858	-11354.9	0.01	0	0	0.301	426.028	422.433	12.104
tree859	-11354.9	0.01	0	0	0.291	424.249	420.438	11.898
tree860	-11355	0.01	0	0	0.304	428.594	424.891	11.993
tree861	-11354.9	0.01	0	0	0.284	429.674	426.076	12.118
tree862	-11354.9	0.01	0	0	0.293	426.598	422.863	11.972
tree863	-11354.9	0.01	0	0	0.304	426.581	422.758	11.873
tree864	-11354.9	0.01	0	0	0.301	430.853	427.212	12.058
tree865	-11355	0.01	0	0	0.283	413.695	409.606	11.628
tree866	-11354.9	0.01	0	0	0.27	425.395	421.735	12.07
tree867	-11354.9	0.01	0	0	0.277	429.057	425.578	12.244
tree868	-11355	0.01	0	0	0.306	418.038	414.117	11.773
tree869	-11355	0.01	0	0	0.282	419.869	415.861	11.71
tree870	-11354.9	0.01	0	0	0.29	423.237	419.265	11.738
tree871	-11354.9	0.01	0	0	0.288	425.974	422.151	11.889
tree872	-11354.9	0.01	0	0	0.263	439.452	436.303	12.588
tree873	-11355	0.01	0	0	0.273	434.266	430.604	12.065
tree874	-11354.9	0.01	0	0	0.282	448.712	445.718	12.724
tree875	-11355	0.01	0	0	0.298	414.666	410.675	11.711
tree876	-11354.9	0.01	0	0	0.306	424.019	419.94	11.615
tree877	-11355	0.01	0	0	0.301	432.461	428.918	12.156
tree878	-11355	0.01	0	0	0.312	430.802	427.162	12.048
tree879	-11354.9	0.01	0	0	0.282	436.021	432.569	12.266
tree880	-11354.9	0.01	0	0	0.3	426.297	422.44	11.843
tree881	-11354.9	0.01	0	0	0.3	429.473	426.124	12.351
tree882	-11355	0.01	0	0	0.233	433.008	429.49	12.249
tree883	-11354.9	0.01	0	0	0.295	432.829	429.491	12.367
tree884	-11354.9	0.01	0	0	0.272	430.843	427.224	12.109
tree885	-11355	0.01	0	0	0.301	419.81	415.9	11.789
tree886	-11354.9	0.01	0	0	0.283	435.785	432.325	12.257
tree887	-11354.9	0.01	0	0	0.268	446.141	443.008	12.599
tree888	-11354.9	0.01	0	0	0.288	429.976	426.34	12.076
tree889	-11354.9	0.01	0	0	0.264	432.779	429.304	12.261
tree890	-11354.9	0.01	0	0	0.283	445.985	443.027	12.759
tree891	-11354.9	0.01	0	0	0.283	429.438	425.743	12.022
tree892	-11354.9	0.01	0	0	0.287	421.701	417.715	11.727
tree893	-11354.9	0.01	0	0	0.285	436.983	433.295	12.027
tree894	-11354.9	0.01	0	0	0.27	436.065	432.481	12.146
tree895	-11354.9	0.01	0	0	0.289	427.361	423.486	11.836
tree896	-11354.9	0.01	0	0	0.302	428.604	424.878	11.972
tree897	-11354.9	0.01	0	0	0.275	444.437	441.223	12.511
tree898	-11354.9	0.01	0	0	0.279	442.546	439.475	12.65
tree899	-11355	0.01	0	0	0.31	423.058	419.344	11.976
tree900	-11354.9	0.01	0	0	0.272	438.558	435.164	12.334
tree901	-11354.9	0.01	0	0	0.3	436.076	432.477	12.101
tree902	-11355	0.01	0	0	0.289	427.139	423.264	11.836
tree903	-11355	0.01	0	0	0.276	427.267	423.56	12.017
tree904	-11355	0.01	0	0	0.288	420.788	416.843	11.767
tree905	-11355	0.01	0	0	0.259	417.041	413.036	11.736
tree906	-11354.9	0.01	0	0	0.3	444.384	441.285	12.601
tree907	-11354.9	0.01	0	0	0.296	453.565	450.693	12.832
tree908	-11354.9	0.01	0	0	0.288	432.532	428.945	12.125
tree909	-11354.9	0.01	0	0	0.284	424.833	421.115	11.998
tree910	-11354.9	0.01	0	0	0.277	441.537	438.151	12.337
tree911	-11354.9	0.01	0	0	0.28	436.919	433.522	12.323
tree912	-11354.9	0.01	0	0	0.275	440.337	437.151	12.539
tree913	-11354.9	0.01	0	0	0.287	422.495	418.584	11.802
tree914	-11354.9	0.01	0	0	0.261	438.74	435.208	12.207
tree915	-11354.9	0.01	0	0	0.257	436.395	432.897	12.245
tree916	-11354.9	0.01	0	0	0.301	426.099	422.285	11.885
tree917	-11354.9	0.01	0	0	0.287	430.575	426.882	12.02
tree918	-11354.9	0.01	0	0	0.299	426.785	423.04	11.956
tree919	-11354.9	0.01	0	0	0.311	438.171	434.982	12.5
tree920	-11354.9	0.01	0	0	0.281	438.827	435.541	12.433
tree921	-11355	0.01	0	0	0.314	430.959	427.454	12.181
tree922	-11354.9	0.01	0	0	0.285	445.35	442.376	12.741
tree923	-11354.9	0.01	0	0	0.287	452.486	449.557	12.784
tree924	-11354.9	0.01	0	0	0.309	428.04	424.242	11.893
tree925	-11354.9	0.01	0	0	0.264	426.968	423.192	11.96
tree926	-11354.9	0.01	0	0	0.303	424.811	420.931	11.817
tree927	-11354.9	0.01	0	0	0.269	433.61	430.122	12.243
tree928	-11354.9	0.01	0	0	0.294	440.198	436.965	12.473
tree929	-11354.9	0.01	0	0	0.283	442.486	439.41	12.641
tree930	-11354.9	0.01	0	0	0.275	423.212	419.334	11.847
tree931	-11354.9	0.01	0	0	0.306	429.237	425.421	11.878
tree932	-11355	0.01	0	0	0.296	427.726	423.912	11.89
tree933	-11355	0.01	0	0	0.293	431.834	428.323	12.196
tree934	-11354.9	0.01	0	0	0.293	440.765	437.44	12.382
tree935	-11355	0.01	0	0	0.284	419.789	415.662	11.589
tree936	-11354.9	0.01	0	0	0.294	424.717	420.703	11.692
tree937	-11354.9	0.01	0	0	0.319	424.456	420.57	11.795
tree938	-11354.9	0.01	0	0	0.308	425.658	422.02	12.054
tree939	-11354.9	0.01	0	0	0.27	431.868	428.102	11.964
tree940	-11354.9	0.01	0	0	0.332	420.863	416.872	11.677
tree941	-11354.9	0.01	0	0	0.288	429.222	425.649	12.139
tree942	-11355	0.01	0	0	0.292	430.995	427.389	12.102
tree943	-11354.9	0.01	0	0	0.251	441.679	438.426	12.496
tree944	-11354.9	0.01	0	0	0.315	430.39	426.813	12.108
tree945	-11355	0.01	0	0	0.278	428.955	425.385	12.152
tree946	-11354.9	0.01	0	0	0.289	446.094	442.937	12.554
tree947	-11354.9	0.01	0	0	0.288	432.748	429.205	12.169
tree948	-11354.9	0.01	0	0	0.301	428.795	425.131	12.035
tree949	-11354.9	0.01	0	0	0.286	428.363	424.738	12.089
tree950	-11354.9	0.01	0	0	0.279	455.818	453.184	13.087
tree951	-11355	0.01	0	0	0.286	440.049	436.745	12.41
tree952	-11355	0.01	0	0	0.291	414.578	410.467	11.598
tree953	-11354.9	0.01	0	0	0.265	421.271	417.255	11.719
tree954	-11354.9	0.01	0	0	0.292	425.886	422.145	11.967
tree955	-11354.9	0.01	0	0	0.293	430.064	426.561	12.204
tree956	-11355	0.01	0	0	0.302	423.095	419.217	11.82
tree957	-11354.9	0.01	0	0	0.304	421.615	417.695	11.776
tree958	-11354.9	0.01	0	0	0.282	443.19	440.001	12.529
tree959	-11354.9	0.01	0	0	0.267	435.926	432.467	12.274
tree960	-11354.9	0.01	0	0	0.271	425.176	421.2	11.753
tree961	-11355	0.01	0	0	0.309	428.91	425.13	11.911
tree962	-11354.9	0.01	0	0	0.301	434.755	431.555	12.499
tree963	-11354.9	0.01	0	0	0.264	438.084	434.782	12.434
tree964	-11354.9	0.01	0	0	0.304	445.264	442.308	12.74
tree965	-11354.9	0.01	0	0	0.298	437.963	434.661	12.4
tree966	-11355	0.01	0	0	0.276	419.448	415.615	11.891
tree967	-11354.9	0.01	0	0	0.263	441.624	438.39	12.503
tree968	-11354.9	0.01	0	0	0.285	436.469	432.999	12.245
tree969	-11354.9	0.01	0	0	0.312	456.528	453.805	12.965
tree970	-11354.9	0.01	0	0	0.313	440.775	437.555	12.467
tree971	-11354.9	0.01	0	0	0.288	438.254	434.84	12.298
tree972	-11354.9	0.01	0	0	0.279	443.119	439.918	12.52
tree973	-11355	0.01	0	0	0.304	427.958	424.143	11.881
tree974	-11354.9	0.01	0	0	0.277	438.061	434.642	12.304
tree975	-11354.9	0.01	0	0	0.283	431.599	427.87	11.988
tree976	-11354.9	0.01	0	0	0.279	445.482	442.386	12.625
tree977	-11354.9	0.01	0	0	0.272	428.191	424.562	12.099
tree978	-11354.9	0.01	0	0	0.274	451.202	448.241	12.765
tree979	-11354.9	0.01	0	0	0.29	426.277	422.423	11.856
tree980	-11354.9	0.01	0	0	0.287	433.161	429.522	12.074
tree981	-11354.9	0.01	0	0	0.296	440.474	437.118	12.348
tree982	-11354.9	0.01	0	0	0.297	437.186	433.899	12.416
tree983	-11354.9	0.01	0	0	0.286	447.889	444.985	12.81
tree984	-11355	0.01	0	0	0.29	436.266	433.057	12.501
tree985	-11354.9	0.01	0	0	0.308	427.521	423.828	11.999
tree986	-11354.9	0.01	0	0	0.293	423.875	420.218	12.05
tree987	-11354.9	0.01	0	0	0.29	434.726	431.214	12.198
tree988	-11354.9	0.01	0	0	0.275	455.147	452.397	12.975
tree989	-11354.9	0.01	0	0	0.257	427.983	424.266	12.026
tree990	-11354.9	0.01	0	0	0.302	431.519	428.055	12.234
tree991	-11354.9	0.01	0	0	0.269	448.686	445.881	12.926
tree992	-11355	0.01	0	0	0.269	429.747	426.241	12.225
tree993	-11354.9	0.01	0	0	0.305	429.92	426.248	12.023
tree994	-11354.9	0.01	0	0	0.261	439.381	436.053	12.411
tree995	-11355	0.01	0	0	0.302	422.565	418.443	11.576
tree996	-11354.9	0.01	0	0	0.278	427.54	423.862	12.044
tree997	-11354.9	0.01	0	0	0.241	453.15	450.134	12.743
tree998	-11355	0.01	0	0	0.303	427.351	423.718	12.064
tree999	-11354.9	0.01	0	0	0.248	449.072	446.178	12.858
