SpTree	logl	delta	tau	lambda	duplications	transfers	losses	speciations
tree0	-44.6712	0.00158988	0.25268	0.193888	0.008	7.403	3.527	12.116
tree1	-44.6994	0.000110189	0.186114	0.193221	0.001	6.473	5.118	14.644
tree2	-45.9169	1e-06	0.244904	0.207728	0	7.534	4.482	12.948
tree3	-45.9447	1e-06	0.248485	0.205668	0	7.57	4.364	12.794
tree4	-44.2669	1e-06	0.189517	0.180797	0	6.421	4.507	14.086
tree5	-45.3185	1e-06	0.251699	0.163182	0	7.195	3.59	12.395
tree6	-44.2669	1e-06	0.189517	0.180797	0	6.395	4.43	14.035
tree7	-44.164	1e-06	0.215633	0.174332	0	6.75	3.895	13.145
tree8	-45.3375	0.000180829	0.190931	0.189988	0	5.801	4.895	15.094
tree9	-44.2669	1e-06	0.189517	0.180797	0	6.504	4.429	13.925
tree10	-43.8954	1e-06	0.250032	0.139305	0	7.074	2.738	11.664
tree11	-43.5854	1e-06	0.180112	0.135324	0	5.976	3.538	13.562
tree12	-44.2747	0.000230194	0.26105	0.146903	0	7.303	2.795	11.492
tree13	-42.5962	1e-06	0.147976	0.162389	0	4.625	4.278	15.653
tree14	-43.7965	1e-06	0.157309	0.165561	0	4.916	4.395	15.479
tree15	-42.3112	1e-06	0.149075	0.145093	0	4.529	3.903	15.374
tree16	-45.4267	1e-06	0.218688	0.21015	0	7.064	4.872	13.808
tree17	-45.0352	1e-06	0.204001	0.198948	0	6.965	4.862	13.897
tree18	-45.1102	1e-06	0.210038	0.197485	0	7.004	4.868	13.864
tree19	-45.0943	1e-06	0.233313	0.193272	0	7.501	4.035	12.534
tree20	-45.0155	1e-06	0.219646	0.194467	0	7.13	4.375	13.245
tree21	-45.2313	4.57916e-05	0.23906	0.135926	0	6.832	2.984	12.152
tree22	-44.1466	1e-06	0.235702	0.162979	0	7.581	3.187	11.606
tree23	-44.2669	1e-06	0.189517	0.180797	0	6.61	4.427	13.817
tree24	-44.4805	1e-06	0.210145	0.188623	0	6.754	4.539	13.785
tree25	-44.0729	2.62126e-05	0.250602	0.125561	0	7.045	2.632	11.587
tree26	-44.164	1e-06	0.215633	0.174332	0	6.845	3.991	13.146
tree27	-44.0874	1e-06	0.239262	0.145291	0	6.914	2.969	12.055
tree28	-42.2259	0.00328206	0.165453	0.15368	0.008	4.684	3.767	15.075
tree29	-44.2669	1e-06	0.189517	0.180797	0	6.424	4.452	14.028
tree30	-44.1346	1e-06	0.226395	0.176686	0	6.907	3.939	13.032
tree31	-43.5415	0.000301902	0.176241	0.220941	0.003	6.597	5.622	15.022
tree32	-48.5477	3.06523e-06	0.278047	0.159462	0	8.309	2.939	10.63
tree33	-42.3112	1e-06	0.149075	0.145093	0	4.523	3.901	15.378
tree34	-43.781	1e-06	0.245603	0.130918	0	6.91	2.844	11.934
tree35	-44.7465	3.43406e-06	0.249212	0.191454	0	7.522	3.86	12.338
tree36	-45.0155	1e-06	0.219646	0.194467	0	7.214	4.516	13.302
tree37	-43.5952	0.000153764	0.248836	0.154794	0	6.75	3.197	12.447
tree38	-43.5585	8.11329e-06	0.161581	0.163121	0	4.94	4.239	15.299
tree39	-42.3697	1e-06	0.149144	0.148988	0	4.64	3.917	15.277
tree40	-44.5407	1e-06	0.23974	0.155877	0	7.441	3.021	11.58
tree41	-44.4805	1e-06	0.210145	0.188623	0	6.805	4.514	13.709
tree42	-43.5105	3.24994e-06	0.271653	0.0289375	0	7.141	0.585	9.444
tree43	-42.5962	1e-06	0.147976	0.162389	0	4.619	4.266	15.647
tree44	-41.5475	1e-06	0.143283	0.0970019	0	4.311	2.533	14.222
tree45	-45.3116	1e-06	0.220944	0.197655	0	7.121	4.475	13.354
tree46	-45.9121	5.17643e-05	0.22128	0.19807	0	7.349	4.569	13.22
tree47	-42.3112	1e-06	0.149075	0.145093	0	4.498	3.931	15.433
tree48	-43.5269	1e-06	0.211927	0.160288	0	7.246	3.474	12.228
tree49	-40.5292	0.00318556	0.168899	0.155676	0.009	5.803	3.814	14.002
tree50	-46.1319	1e-06	0.217389	0.206155	0	6.65	4.785	14.135
tree51	-41.1527	1e-06	0.189097	0.0745232	0	6.191	1.105	10.914
tree52	-42.5962	1e-06	0.147976	0.162389	0	4.625	4.241	15.616
tree53	-45.7825	1e-06	0.234196	0.192852	0	7.545	4.228	12.683
tree54	-45.9121	5.17643e-05	0.22128	0.19807	0.001	7.462	4.521	13.058
tree55	-45.9121	5.17643e-05	0.22128	0.19807	0	7.363	4.561	13.198
tree56	-44.9086	1e-06	0.239814	0.193222	0	7.584	3.975	12.391
tree57	-43.5952	0.000153764	0.248836	0.154794	0.001	6.84	3.241	12.4
tree58	-45.2315	5.06602e-06	0.200365	0.211947	0	6.844	5.391	14.547
tree59	-43.1727	1e-06	0.215592	0.158408	0	7.667	2.98	11.313
tree60	-44.2669	1e-06	0.189517	0.180797	0	6.343	4.469	14.126
tree61	-44.164	1e-06	0.215633	0.174332	0	6.715	3.986	13.271
tree62	-46.1319	1e-06	0.217389	0.206155	0	6.602	4.705	14.103
tree63	-45.7825	1e-06	0.234196	0.192852	0	7.522	4.26	12.738
tree64	-42.3112	1e-06	0.149075	0.145093	0	4.554	3.832	15.278
tree65	-45.0352	1e-06	0.204001	0.198948	0	6.974	4.954	13.98
tree66	-45.7825	1e-06	0.234196	0.192852	0	7.51	4.29	12.78
tree67	-43.781	1e-06	0.245603	0.130918	0	6.888	2.862	11.974
tree68	-45.0155	1e-06	0.219646	0.194467	0	7.195	4.415	13.22
tree69	-44.2932	1e-06	0.185439	0.195274	0	6.439	5.251	14.812
tree70	-43.6209	5.99898e-06	0.162646	0.15982	0	4.932	4.28	15.348
tree71	-45.0155	1e-06	0.219646	0.194467	0	7.179	4.536	13.357
tree72	-45.0155	1e-06	0.219646	0.194467	0	7.108	4.261	13.153
tree73	-44.1346	1e-06	0.226395	0.176686	0	6.89	3.946	13.056
tree74	-44.164	1e-06	0.215633	0.174332	0	6.781	4.017	13.236
tree75	-44.164	1e-06	0.215633	0.174332	0	6.741	3.96	13.219
tree76	-44.2932	1e-06	0.185439	0.195274	0	6.38	5.388	15.008
tree77	-45.2315	5.06602e-06	0.200365	0.211947	0	6.83	5.308	14.478
tree78	-44.0729	2.62126e-05	0.250602	0.125561	0	7.036	2.638	11.602
tree79	-44.9968	0.000294878	0.25496	0.135801	0	7.58	2.699	11.119
tree80	-45.9447	1e-06	0.248485	0.205668	0	7.51	4.348	12.838
tree81	-45.9447	1e-06	0.248485	0.205668	0	7.462	4.308	12.846
tree82	-46.1319	1e-06	0.217389	0.206155	0	6.613	4.645	14.032
tree83	-42.3112	1e-06	0.149075	0.145093	0	4.505	3.91	15.405
tree84	-44.2932	1e-06	0.185439	0.195274	0	6.451	5.364	14.913
tree85	-43.781	1e-06	0.245603	0.130918	0	6.83	2.846	12.016
tree86	-42.3112	1e-06	0.149075	0.145093	0	4.535	3.871	15.336
tree87	-41.7987	0.00227686	0.192454	0.180352	0.012	6.518	4.45	13.92
tree88	-44.2932	1e-06	0.185439	0.195274	0	6.275	5.18	14.905
tree89	-42.7509	8.45638e-06	0.238804	9.05791e-05	0	6.353	0.001	9.648
tree90	-44.9066	0.000958465	0.248577	0.181818	0.003	7.58	3.454	11.871
tree91	-45.3375	0.000180829	0.190931	0.189988	0.001	5.858	4.88	15.021
tree92	-44.4805	1e-06	0.210145	0.188623	0	6.855	4.498	13.643
tree93	-44.7465	3.43406e-06	0.249212	0.191454	0	7.631	3.891	12.26
tree94	-42.6054	1e-06	0.207255	0.147743	0	6.671	2.832	12.161
tree95	-45.9447	1e-06	0.248485	0.205668	0	7.553	4.437	12.884
tree96	-44.164	1e-06	0.215633	0.174332	0	6.846	3.941	13.095
tree97	-44.164	1e-06	0.215633	0.174332	0	6.735	3.958	13.223
tree98	-42.3112	1e-06	0.149075	0.145093	0	4.506	3.89	15.384
tree99	-45.0155	1e-06	0.219646	0.194467	0	7.053	4.468	13.415
tree100	-44.1346	1e-06	0.226395	0.176686	0	6.841	3.864	13.023
tree101	-43.9033	0.000115952	0.246829	0.133405	0	7.391	2.641	11.25
tree102	-44.2669	1e-06	0.189517	0.180797	0	6.436	4.499	14.063
tree103	-46.447	2.46085e-05	0.263494	0.215621	0	8.084	4.119	12.035
tree104	-45.3375	0.000180829	0.190931	0.189988	0	5.799	4.842	15.043
tree105	-47.1665	1e-06	0.164661	0.167818	0	5.065	4.412	15.347
tree106	-32.8786	1e-06	0.139799	1e-06	0	4.042	0	11.958
tree107	-44.164	1e-06	0.215633	0.174332	0	6.745	3.978	13.233
tree108	-43.2316	4.13678e-05	0.174267	0.176239	0	5.663	4.348	14.685
tree109	-46.447	2.46085e-05	0.263494	0.215621	0	8.084	4.158	12.074
tree110	-42.1286	1e-06	0.177584	0.124676	0	5.798	3.288	13.49
tree111	-44.164	1e-06	0.215633	0.174332	0	6.727	3.918	13.191
tree112	-42.7509	8.45638e-06	0.238804	9.05791e-05	0	6.403	0	9.597
tree113	-45.0155	1e-06	0.219646	0.194467	0	7.211	4.42	13.209
tree114	-44.2669	1e-06	0.189517	0.180797	0	6.445	4.421	13.976
tree115	-43.1682	0.000108321	0.222465	0.120336	0	6.337	2.747	12.41
tree116	-42.3122	0.000709042	0.193739	0.0989952	0.003	6.619	1.871	11.249
tree117	-45.3953	1e-06	0.204939	0.202633	0	7.161	5.011	13.85
tree118	-44.6994	0.000110189	0.186114	0.193221	0	6.474	5.201	14.727
tree119	-44.0729	2.62126e-05	0.250602	0.125561	0	6.993	2.606	11.613
tree120	-44.164	1e-06	0.215633	0.174332	0	6.776	3.94	13.164
tree121	-43.781	1e-06	0.245603	0.130918	0	6.91	2.891	11.981
tree122	-42.3112	1e-06	0.149075	0.145093	0	4.537	3.952	15.415
tree123	-44.1509	1e-06	0.254115	0.147273	0	7.496	2.853	11.357
tree124	-43.7965	1e-06	0.157309	0.165561	0	4.851	4.434	15.583
tree125	-44.2669	1e-06	0.189517	0.180797	0	6.432	4.447	14.015
tree126	-42.9525	1e-06	0.170785	0.212773	0.001	7.725	5.295	13.569
tree127	-45.7825	1e-06	0.234196	0.192852	0	7.499	4.154	12.655
tree128	-44.2669	1e-06	0.189517	0.180797	0	6.435	4.457	14.022
tree129	-46.1319	1e-06	0.217389	0.206155	0	6.657	4.738	14.081
tree130	-43.5269	1e-06	0.211927	0.160288	0	7.314	3.375	12.061
tree131	-46.6799	2.11116e-05	0.261516	0.214479	0	8.025	4.336	12.311
tree132	-44.8537	1e-06	0.229566	0.196034	0	6.968	4.276	13.308
tree133	-44.4488	2.59956e-05	0.21287	0.14783	0	6.089	3.631	13.542
tree134	-45.9447	1e-06	0.248485	0.205668	0	7.527	4.272	12.745
tree135	-43.1069	1e-06	0.177822	0.167247	0	5.553	4.061	14.508
tree136	-44.164	1e-06	0.215633	0.174332	0	6.81	3.97	13.16
tree137	-44.2932	1e-06	0.185439	0.195274	0	6.384	5.305	14.921
tree138	-44.5048	1.66505e-05	0.269569	0.137393	0	7.506	2.835	11.329
tree139	-42.5763	1e-06	0.237543	1e-06	0	6.319	0	9.681
tree140	-43.5585	8.11329e-06	0.161581	0.163121	0	4.948	4.249	15.301
tree141	-45.1102	1e-06	0.210038	0.197485	0	6.967	4.837	13.87
tree142	-44.1466	1e-06	0.235702	0.162979	0	7.594	3.074	11.48
tree143	-44.2669	1e-06	0.189517	0.180797	0	6.39	4.462	14.072
tree144	-45.9447	1e-06	0.248485	0.205668	0	7.519	4.373	12.854
tree145	-42.3112	1e-06	0.149075	0.145093	0	4.474	3.932	15.458
tree146	-42.3112	1e-06	0.149075	0.145093	0	4.573	3.898	15.325
tree147	-43.8954	1e-06	0.250032	0.139305	0	7.116	2.805	11.689
tree148	-45.3375	0.000180829	0.190931	0.189988	0	5.82	4.864	15.044
tree149	-42.3112	1e-06	0.149075	0.145093	0	4.502	3.94	15.438
tree150	-43.1069	1e-06	0.177822	0.167247	0	5.53	4.089	14.559
tree151	-43.9344	1e-06	0.207847	0.172029	0	6.855	3.824	12.969
tree152	-43.1419	1e-06	0.174985	0.140823	0	5.212	3.546	14.334
tree153	-45.0943	1e-06	0.233313	0.193272	0	7.528	4.136	12.608
tree154	-45.3375	0.000180829	0.190931	0.189988	0	5.862	4.864	15.002
tree155	-43.5585	8.11329e-06	0.161581	0.163121	0	4.893	4.246	15.353
tree156	-44.4488	2.59956e-05	0.21287	0.14783	0	6.078	3.639	13.561
tree157	-44.6994	0.000110189	0.186114	0.193221	0	6.64	5.143	14.503
tree158	-45.7056	1e-06	0.260091	0.199643	0	7.728	4.17	12.442
tree159	-43.5585	8.11329e-06	0.161581	0.163121	0	5.023	4.246	15.223
tree160	-45.5522	1e-06	0.18766	0.207292	0	5.819	5.215	15.396
tree161	-38.462	1e-06	0.144644	0.0980416	0	4.974	2.851	13.877
tree162	-44.164	1e-06	0.215633	0.174332	0	6.824	3.956	13.132
tree163	-41.2469	1e-06	0.151685	0.119635	0	4.512	3.047	14.535
tree164	-45.3375	0.000180829	0.190931	0.189988	0	5.827	4.938	15.111
tree165	-43.5585	8.11329e-06	0.161581	0.163121	0	4.947	4.273	15.326
tree166	-40.715	1e-06	0.166756	0.150363	0	5.62	3.98	14.36
tree167	-44.2669	1e-06	0.189517	0.180797	0	6.403	4.468	14.065
tree168	-44.2669	1e-06	0.189517	0.180797	0	6.463	4.464	14.001
tree169	-44.2932	1e-06	0.185439	0.195274	0	6.466	5.272	14.806
tree170	-44.2669	1e-06	0.189517	0.180797	0	6.385	4.392	14.007
tree171	-44.429	3.73612e-05	0.207409	0.208769	0	8.258	4.751	12.493
tree172	-44.2669	1e-06	0.189517	0.180797	0	6.379	4.529	14.15
tree173	-42.3112	1e-06	0.149075	0.145093	0	4.521	3.932	15.411
tree174	-45.7825	1e-06	0.234196	0.192852	0	7.592	4.237	12.645
tree175	-43.781	1e-06	0.245603	0.130918	0	6.815	2.863	12.048
tree176	-46.447	2.46085e-05	0.263494	0.215621	0	8.129	4.059	11.93
tree177	-42.7506	1e-06	0.238991	1e-06	0	6.358	0	9.642
tree178	-46.1319	1e-06	0.217389	0.206155	0	6.665	4.711	14.046
tree179	-44.0874	1e-06	0.239262	0.145291	0	6.959	3.028	12.069
tree180	-46.447	2.46085e-05	0.263494	0.215621	0	7.963	4.093	12.13
tree181	-44.5048	1.66505e-05	0.269569	0.137393	0	7.418	2.746	11.328
tree182	-43.44	1e-06	0.167377	0.155709	0	5.117	4.07	14.953
tree183	-46.1319	1e-06	0.217389	0.206155	0	6.529	4.798	14.269
tree184	-46.727	8.84364e-05	0.265522	0.213169	0	8.109	4.107	11.998
tree185	-41.1527	1e-06	0.189097	0.0745232	0	6.099	1.206	11.107
tree186	-44.164	1e-06	0.215633	0.174332	0	6.742	4.077	13.335
tree187	-43.0718	0.000237722	0.187632	0.172837	0.002	6.905	3.493	12.586
tree188	-43.5585	8.11329e-06	0.161581	0.163121	0	4.955	4.236	15.281
tree189	-43.1682	0.000108321	0.222465	0.120336	0	6.261	2.73	12.469
tree190	-43.5585	8.11329e-06	0.161581	0.163121	0	4.922	4.245	15.323
tree191	-44.6059	1e-06	0.210622	0.215693	0	8	5.325	13.325
tree192	-43.3225	1e-06	0.181341	0.131932	0	5.946	3.477	13.531
tree193	-43.5585	8.11329e-06	0.161581	0.163121	0	4.92	4.259	15.339
tree194	-44.164	1e-06	0.215633	0.174332	0	6.712	3.872	13.16
tree195	-45.0155	1e-06	0.219646	0.194467	0	7.143	4.455	13.312
tree196	-45.0155	1e-06	0.219646	0.194467	0	7.081	4.399	13.318
tree197	-42.429	5.44188e-06	0.153266	0.169395	0	5.654	4.981	15.327
tree198	-43.8954	1e-06	0.250032	0.139305	0	7.045	2.729	11.684
tree199	-43.5585	8.11329e-06	0.161581	0.163121	0	4.939	4.265	15.326
tree200	-46.727	8.84364e-05	0.265522	0.213169	0.001	8.05	4.218	12.167
tree201	-45.0352	1e-06	0.204001	0.198948	0	6.978	4.801	13.823
tree202	-44.5407	1e-06	0.23974	0.155877	0	7.459	3.099	11.64
tree203	-46.3254	1e-06	0.233479	0.222221	0	7.459	5.131	13.672
tree204	-44.3541	1.2147e-05	0.25373	0.163405	0	7.301	3.153	11.852
tree205	-45.9447	1e-06	0.248485	0.205668	0	7.446	4.367	12.921
tree206	-43.6985	2.95754e-05	0.198063	0.198347	0	7.877	4.754	12.877
tree207	-43.355	1e-06	0.214345	0.165191	0	7.143	3.634	12.491
tree208	-44.4805	1e-06	0.210145	0.188623	0	6.83	4.471	13.641
tree209	-44.4726	1e-06	0.208054	0.225137	0	7.217	5.275	14.058
tree210	-42.3112	1e-06	0.149075	0.145093	0	4.53	3.937	15.407
tree211	-42.1179	7.54792e-06	0.157204	0.152552	0	4.925	3.975	15.05
tree212	-44.2669	1e-06	0.189517	0.180797	0	6.32	4.434	14.114
tree213	-44.4798	1e-06	0.263204	0.13082	0	7.48	2.415	10.935
tree214	-43.5585	8.11329e-06	0.161581	0.163121	0	4.939	4.262	15.323
tree215	-45.8644	1e-06	0.217457	0.205889	0	7.451	4.678	13.227
tree216	-44.1195	0.000158559	0.248428	0.146499	0.001	7.036	3.002	11.965
tree217	-45.3375	0.000180829	0.190931	0.189988	0	5.824	4.826	15.002
tree218	-46.3254	1e-06	0.233479	0.222221	0	7.449	4.961	13.512
tree219	-41.7987	0.00227686	0.192454	0.180352	0.007	6.594	4.357	13.756
tree220	-41.815	0.00020519	0.148396	0.132666	0	4.578	3.484	14.906
tree221	-45.1102	1e-06	0.210038	0.197485	0	6.903	4.813	13.91
tree222	-44.2669	1e-06	0.189517	0.180797	0	6.413	4.468	14.055
tree223	-45.3116	1e-06	0.220944	0.197655	0	7.198	4.661	13.463
tree224	-45.3116	1e-06	0.220944	0.197655	0	7.147	4.487	13.34
tree225	-44.2932	1e-06	0.185439	0.195274	0	6.367	5.147	14.78
tree226	-44.2147	1e-06	0.23815	0.176593	0	6.876	3.868	12.992
tree227	-45.0155	1e-06	0.219646	0.194467	0	7.15	4.456	13.306
tree228	-43.8954	1e-06	0.250032	0.139305	0	7.147	2.703	11.556
tree229	-43.1682	0.000108321	0.222465	0.120336	0	6.28	2.734	12.454
tree230	-37.8729	1e-06	0.183243	1e-06	0	5.09	0	10.91
tree231	-43.9573	1e-06	0.188977	0.18812	0	6.695	4.541	13.846
tree232	-42.3112	1e-06	0.149075	0.145093	0	4.536	3.922	15.386
tree233	-43.1682	0.000108321	0.222465	0.120336	0	6.3	2.759	12.459
tree234	-45.0352	1e-06	0.204001	0.198948	0	6.931	4.919	13.988
tree235	-44.1466	1e-06	0.235702	0.162979	0	7.555	3.141	11.586
tree236	-42.3112	1e-06	0.149075	0.145093	0	4.517	3.874	15.357
tree237	-44.2669	1e-06	0.189517	0.180797	0	6.397	4.427	14.03
tree238	-44.2669	1e-06	0.189517	0.180797	0	6.376	4.531	14.155
tree239	-42.1307	5.40702e-06	0.221587	0.11511	0	6.793	2.043	11.25
tree240	-44.2341	0.000198051	0.210238	0.21107	0.002	8.273	4.854	12.579
tree241	-45.9169	1e-06	0.244904	0.207728	0	7.467	4.519	13.052
tree242	-45.0155	1e-06	0.219646	0.194467	0	7.102	4.389	13.287
tree243	-44.2147	1e-06	0.23815	0.176593	0	6.815	3.923	13.108
tree244	-42.3112	1e-06	0.149075	0.145093	0	4.528	3.905	15.377
tree245	-44.2669	1e-06	0.189517	0.180797	0	6.372	4.504	14.132
tree246	-44.2669	1e-06	0.189517	0.180797	0	6.429	4.433	14.004
tree247	-42.3112	1e-06	0.149075	0.145093	0	4.526	3.923	15.397
tree248	-45.0155	1e-06	0.219646	0.194467	0	7.128	4.446	13.318
tree249	-43.5585	8.11329e-06	0.161581	0.163121	0	4.938	4.285	15.347
tree250	-44.164	1e-06	0.215633	0.174332	0	6.715	4.001	13.286
tree251	-44.2669	1e-06	0.189517	0.180797	0	6.365	4.49	14.125
tree252	-43.1682	0.000108321	0.222465	0.120336	0	6.265	2.703	12.438
tree253	-44.2669	1e-06	0.189517	0.180797	0	6.433	4.453	14.02
tree254	-44.164	1e-06	0.215633	0.174332	0	6.731	3.996	13.265
tree255	-43.5585	8.11329e-06	0.161581	0.163121	0	4.906	4.26	15.354
tree256	-44.2669	1e-06	0.189517	0.180797	0	6.386	4.434	14.048
tree257	-45.3116	1e-06	0.220944	0.197655	0	7.106	4.482	13.376
tree258	-42.5685	1e-06	0.147661	0.17039	0	5.482	5.229	15.747
tree259	-46.3254	1e-06	0.233479	0.222221	0	7.41	5.113	13.703
tree260	-42.3112	1e-06	0.149075	0.145093	0	4.589	3.908	15.319
tree261	-45.0155	1e-06	0.219646	0.194467	0	7.156	4.438	13.282
tree262	-44.164	1e-06	0.215633	0.174332	0	6.763	3.953	13.19
tree263	-45.3116	1e-06	0.220944	0.197655	0	7.232	4.613	13.381
tree264	-43.1682	0.000108321	0.222465	0.120336	0.001	6.271	2.733	12.461
tree265	-45.1102	1e-06	0.210038	0.197485	0	6.899	4.81	13.911
tree266	-44.2669	1e-06	0.189517	0.180797	0	6.406	4.395	13.989
tree267	-45.3375	0.000180829	0.190931	0.189988	0	5.859	4.886	15.027
tree268	-43.5585	8.11329e-06	0.161581	0.163121	0	4.863	4.24	15.377
tree269	-45.9169	1e-06	0.244904	0.207728	0	7.519	4.515	12.996
tree270	-44.2669	1e-06	0.189517	0.180797	0	6.458	4.49	14.032
tree271	-44.462	1e-06	0.262207	0.149422	0	7.37	2.931	11.561
tree272	-43.3771	9.03608e-06	0.16892	0.155998	0	5.145	4.134	14.989
tree273	-42.3112	1e-06	0.149075	0.145093	0	4.571	3.964	15.393
tree274	-44.164	1e-06	0.215633	0.174332	0	6.698	3.984	13.286
tree275	-44.2669	1e-06	0.189517	0.180797	0	6.324	4.474	14.15
tree276	-45.2313	4.57916e-05	0.23906	0.135926	0	6.745	2.977	12.232
tree277	-44.2932	1e-06	0.185439	0.195274	0	6.386	5.364	14.978
tree278	-44.164	1e-06	0.215633	0.174332	0	6.824	3.952	13.128
tree279	-44.2669	1e-06	0.189517	0.180797	0	6.513	4.383	13.87
tree280	-46.447	2.46085e-05	0.263494	0.215621	0	7.982	4.19	12.208
tree281	-44.164	1e-06	0.215633	0.174332	0	6.674	3.992	13.318
tree282	-42.3122	0.000709042	0.193739	0.0989952	0.001	6.66	1.853	11.192
tree283	-45.3116	1e-06	0.220944	0.197655	0	7.073	4.52	13.447
tree284	-43.9031	0.000199331	0.19531	0.210258	0.001	6.832	5.092	14.259
tree285	-42.3112	1e-06	0.149075	0.145093	0	4.519	3.885	15.366
tree286	-45.3375	0.000180829	0.190931	0.189988	0	5.859	4.811	14.952
tree287	-46.5525	6.66536e-06	0.277807	0.211398	0	8.128	4.143	12.015
tree288	-44.164	1e-06	0.215633	0.174332	0	6.749	3.94	13.191
tree289	-42.3112	1e-06	0.149075	0.145093	0	4.549	3.881	15.332
tree290	-43.1682	0.000108321	0.222465	0.120336	0	6.308	2.738	12.43
tree291	-44.9086	1e-06	0.239814	0.193222	0	7.524	3.985	12.461
tree292	-45.3375	0.000180829	0.190931	0.189988	0	5.936	4.827	14.891
tree293	-45.3116	1e-06	0.220944	0.197655	0	7.117	4.613	13.496
tree294	-45.7825	1e-06	0.234196	0.192852	0	7.559	4.24	12.681
tree295	-43.5585	8.11329e-06	0.161581	0.163121	0	4.973	4.197	15.224
tree296	-44.9066	0.000958465	0.248577	0.181818	0.003	7.612	3.402	11.787
tree297	-45.3116	1e-06	0.220944	0.197655	0	7.135	4.496	13.361
tree298	-42.3112	1e-06	0.149075	0.145093	0	4.503	3.868	15.365
tree299	-44.5407	1e-06	0.23974	0.155877	0	7.427	3.16	11.733
tree300	-44.0729	2.62126e-05	0.250602	0.125561	0	7.02	2.592	11.572
tree301	-42.3112	1e-06	0.149075	0.145093	0	4.54	3.97	15.43
tree302	-44.3215	3.45587e-06	0.220399	0.151554	0	6.431	3.528	13.097
tree303	-45.3116	1e-06	0.220944	0.197655	0	7.195	4.596	13.401
tree304	-44.0729	2.62126e-05	0.250602	0.125561	0	6.992	2.594	11.602
tree305	-40.7439	1e-06	0.195904	0.124663	0	6.436	3.044	12.608
tree306	-44.2669	1e-06	0.189517	0.180797	0	6.371	4.425	14.054
tree307	-44.3215	3.45587e-06	0.220399	0.151554	0	6.441	3.583	13.142
tree308	-42.8214	1e-06	0.155482	0.159789	0	5.628	4.422	14.794
tree309	-44.1346	1e-06	0.226395	0.176686	0	6.974	3.987	13.013
tree310	-44.2932	1e-06	0.185439	0.195274	0	6.421	5.175	14.754
tree311	-44.164	1e-06	0.215633	0.174332	0	6.675	3.947	13.272
tree312	-45.9447	1e-06	0.248485	0.205668	0	7.629	4.397	12.768
tree313	-43.1682	0.000108321	0.222465	0.120336	0	6.22	2.729	12.509
tree314	-44.6064	1e-06	0.203167	0.212781	0	7.292	4.671	13.379
tree315	-43.5307	0.00258667	0.273642	0.116632	0.002	7.32	2.069	10.747
tree316	-45.3116	1e-06	0.220944	0.197655	0	7.142	4.671	13.529
tree317	-42.8957	1e-06	0.212244	0.128072	0	6.18	2.865	12.685
tree318	-46.257	3.03609e-05	0.227341	0.205367	0.001	6.866	4.676	13.809
tree319	-44.2669	1e-06	0.189517	0.180797	0	6.47	4.481	14.011
tree320	-43.9632	3.29455e-06	0.226692	0.194585	0	7.672	4.096	12.424
tree321	-44.5111	5.55348e-06	0.210175	0.217474	0	8.2	5.205	13.005
tree322	-44.2669	1e-06	0.189517	0.180797	0	6.475	4.421	13.946
tree323	-45.9447	1e-06	0.248485	0.205668	0	7.485	4.296	12.811
tree324	-46.1319	1e-06	0.217389	0.206155	0	6.564	4.705	14.141
tree325	-40.715	1e-06	0.166756	0.150363	0	5.677	3.966	14.289
tree326	-43.3771	9.03608e-06	0.16892	0.155998	0	5.064	4.112	15.048
tree327	-43.7965	1e-06	0.157309	0.165561	0	4.845	4.419	15.574
tree328	-44.5048	1.66505e-05	0.269569	0.137393	0	7.468	2.784	11.316
tree329	-44.2669	1e-06	0.189517	0.180797	0	6.445	4.414	13.969
tree330	-43.5269	1e-06	0.211927	0.160288	0	7.228	3.517	12.289
tree331	-45.0943	1e-06	0.233313	0.193272	0	7.46	4.169	12.709
tree332	-44.6086	1e-06	0.219694	0.144777	0	6.234	3.48	13.246
tree333	-41.5475	1e-06	0.143283	0.0970019	0	4.252	2.578	14.326
tree334	-42.4542	3.58547e-06	0.159695	0.161854	0	4.863	4.3	15.437
tree335	-42.959	1e-06	0.182956	0.123987	0	6.009	2.859	12.85
tree336	-45.0352	1e-06	0.204001	0.198948	0	6.879	5.028	14.149
tree337	-45.7244	3.03191e-06	0.23514	0.188574	0	7.465	4.079	12.614
tree338	-39.9103	0.000149593	0.150741	0.0939467	0.002	4.404	2.329	13.923
tree339	-46.447	2.46085e-05	0.263494	0.215621	0	8.048	4.179	12.131
tree340	-45.0155	1e-06	0.219646	0.194467	0	7.117	4.443	13.326
tree341	-46.4983	1e-06	0.220232	0.208846	0	6.676	4.792	14.116
tree342	-44.2669	1e-06	0.189517	0.180797	0	6.384	4.493	14.109
tree343	-43.5585	8.11329e-06	0.161581	0.163121	0	4.904	4.3	15.396
tree344	-44.164	1e-06	0.215633	0.174332	0	6.682	3.947	13.265
tree345	-44.462	1e-06	0.262207	0.149422	0	7.279	2.992	11.713
tree346	-45.3375	0.000180829	0.190931	0.189988	0	5.813	4.804	14.991
tree347	-39.0589	8.27718e-05	0.150192	0.0946886	0.001	5.08	1.956	12.875
tree348	-44.164	1e-06	0.215633	0.174332	0	6.748	3.91	13.162
tree349	-45.9447	1e-06	0.248485	0.205668	0	7.438	4.375	12.937
tree350	-44.164	1e-06	0.215633	0.174332	0	6.836	3.895	13.059
tree351	-45.3375	0.000180829	0.190931	0.189988	0.001	5.789	4.9	15.11
tree352	-44.2669	1e-06	0.189517	0.180797	0	6.464	4.472	14.008
tree353	-45.9447	1e-06	0.248485	0.205668	0	7.604	4.316	12.712
tree354	-44.2669	1e-06	0.189517	0.180797	0	6.368	4.548	14.18
tree355	-43.5952	0.000153764	0.248836	0.154794	0	6.775	3.164	12.389
tree356	-45.9169	1e-06	0.244904	0.207728	0	7.492	4.466	12.974
tree357	-44.164	1e-06	0.215633	0.174332	0	6.737	3.914	13.177
tree358	-43.5952	0.000153764	0.248836	0.154794	0.001	6.816	3.179	12.362
tree359	-43.4426	0.00119643	0.206112	0.184884	0.004	6.671	4.188	13.513
tree360	-45.8644	1e-06	0.217457	0.205889	0	7.211	4.789	13.578
tree361	-43.5585	8.11329e-06	0.161581	0.163121	0	4.949	4.254	15.305
tree362	-43.5952	0.000153764	0.248836	0.154794	0	6.763	3.203	12.44
tree363	-42.4082	1.64171e-05	0.176543	0.122366	0	5.89	3.184	13.294
tree364	-42.1307	5.40702e-06	0.221587	0.11511	0	6.794	2.077	11.283
tree365	-45.9447	1e-06	0.248485	0.205668	0	7.464	4.327	12.863
tree366	-43.9344	1e-06	0.207847	0.172029	0	6.862	3.878	13.016
tree367	-45.7571	0.000266977	0.195821	0.202142	0.001	6.004	5.081	15.076
tree368	-44.164	1e-06	0.215633	0.174332	0	6.735	3.924	13.189
tree369	-43.6209	5.99898e-06	0.162646	0.15982	0	4.915	4.259	15.344
tree370	-44.2669	1e-06	0.189517	0.180797	0	6.477	4.506	14.029
tree371	-44.2669	1e-06	0.189517	0.180797	0	6.351	4.524	14.173
tree372	-45.7825	1e-06	0.234196	0.192852	0	7.572	4.285	12.713
tree373	-41.3569	1e-06	0.149484	0.109473	0	4.363	2.941	14.578
tree374	-43.8169	1.89228e-05	0.159058	0.168738	0	4.883	4.558	15.675
tree375	-46.1319	1e-06	0.217389	0.206155	0	6.56	4.767	14.207
tree376	-44.164	1e-06	0.215633	0.174332	0	6.732	3.919	13.187
tree377	-43.5585	8.11329e-06	0.161581	0.163121	0	4.999	4.325	15.326
tree378	-45.0155	1e-06	0.219646	0.194467	0	7.117	4.467	13.35
tree379	-45.8644	1e-06	0.217457	0.205889	0	7.438	4.835	13.397
tree380	-45.3953	1e-06	0.204939	0.202633	0	7.212	4.87	13.658
tree381	-43.6209	5.99898e-06	0.162646	0.15982	0	5.008	4.272	15.264
tree382	-44.1346	1e-06	0.226395	0.176686	0	6.842	3.906	13.064
tree383	-45.4742	6.61325e-06	0.268386	0.142707	0	7.695	2.786	11.091
tree384	-43.3771	9.03608e-06	0.16892	0.155998	0	5.046	4.115	15.069
tree385	-44.5407	1e-06	0.23974	0.155877	0	7.397	3.139	11.742
tree386	-43.7589	1e-06	0.196869	0.212737	0	6.771	5.224	14.453
tree387	-46.5781	5.76074e-05	0.210423	0.221747	0	6.397	5.512	15.115
tree388	-45.9447	1e-06	0.248485	0.205668	0	7.504	4.393	12.889
tree389	-43.5952	0.000153764	0.248836	0.154794	0	6.875	3.176	12.301
tree390	-43.5585	8.11329e-06	0.161581	0.163121	0	4.961	4.311	15.35
tree391	-45.5118	1e-06	0.257685	0.153074	0	8.011	2.549	10.538
tree392	-44.2669	1e-06	0.189517	0.180797	0	6.481	4.452	13.971
tree393	-42.5962	1e-06	0.147976	0.162389	0	4.67	4.278	15.608
tree394	-45.0155	1e-06	0.219646	0.194467	0	7.175	4.409	13.234
tree395	-43.9344	1e-06	0.207847	0.172029	0	6.736	3.903	13.167
tree396	-46.3084	2.66197e-05	0.275713	0.161462	0	7.872	2.975	11.103
tree397	-40.715	1e-06	0.166756	0.150363	0	5.672	3.961	14.289
tree398	-45.7825	1e-06	0.234196	0.192852	0	7.498	4.201	12.703
tree399	-45.7825	1e-06	0.234196	0.192852	0	7.572	4.221	12.649
tree400	-45.3116	1e-06	0.220944	0.197655	0	7.115	4.596	13.481
tree401	-44.2669	1e-06	0.189517	0.180797	0	6.296	4.481	14.185
tree402	-39.5647	1e-06	0.146905	0.145143	0	5.218	4.096	14.878
tree403	-44.9154	2.21776e-05	0.235706	0.189074	0	7.52	3.9	12.38
tree404	-45.2213	1e-06	0.267738	0.190017	0	7.436	3.975	12.539
tree405	-45.3375	0.000180829	0.190931	0.189988	0.001	5.784	4.912	15.127
tree406	-44.3215	3.45587e-06	0.220399	0.151554	0	6.444	3.563	13.119
tree407	-46.2873	1e-06	0.217297	0.204456	0	6.458	4.763	14.305
tree408	-45.0155	1e-06	0.219646	0.194467	0	7.119	4.512	13.393
tree409	-44.164	1e-06	0.215633	0.174332	0	6.704	3.929	13.225
tree410	-46.8309	0.00111195	0.216702	0.239518	0.007	6.608	5.528	14.913
tree411	-45.0352	1e-06	0.204001	0.198948	0	6.942	4.863	13.921
tree412	-45.2649	0.00592633	0.249095	0.196708	0.02	7.609	4.19	12.561
tree413	-44.2669	1e-06	0.189517	0.180797	0	6.512	4.433	13.921
tree414	-45.0155	1e-06	0.219646	0.194467	0	7.048	4.437	13.389
tree415	-44.2669	1e-06	0.189517	0.180797	0	6.427	4.497	14.07
tree416	-45.3116	1e-06	0.220944	0.197655	0	7.221	4.593	13.372
tree417	-44.5407	1e-06	0.23974	0.155877	0	7.408	3.177	11.769
tree418	-44.0729	2.62126e-05	0.250602	0.125561	0	7.013	2.626	11.613
tree419	-42.3112	1e-06	0.149075	0.145093	0	4.495	3.888	15.393
tree420	-43.5585	8.11329e-06	0.161581	0.163121	0	4.946	4.272	15.326
tree421	-44.2669	1e-06	0.189517	0.180797	0	6.454	4.491	14.037
tree422	-44.2341	0.000198051	0.210238	0.21107	0.001	8.258	4.793	12.534
tree423	-44.2669	1e-06	0.189517	0.180797	0	6.39	4.403	14.013
tree424	-42.2259	0.00328206	0.165453	0.15368	0.007	4.7	3.862	15.155
tree425	-43.1727	1e-06	0.215592	0.158408	0	7.707	3.051	11.344
tree426	-44.9968	0.000294878	0.25496	0.135801	0	7.603	2.68	11.077
tree427	-46.1319	1e-06	0.217389	0.206155	0	6.578	4.793	14.215
tree428	-45.9121	5.17643e-05	0.22128	0.19807	0	7.347	4.57	13.223
tree429	-44.5048	1.66505e-05	0.269569	0.137393	0	7.457	2.778	11.321
tree430	-43.1682	0.000108321	0.222465	0.120336	0	6.257	2.722	12.465
tree431	-42.3112	1e-06	0.149075	0.145093	0	4.537	3.876	15.339
tree432	-43.5952	0.000153764	0.248836	0.154794	0	6.842	3.165	12.323
tree433	-45.3116	1e-06	0.220944	0.197655	0	7.128	4.553	13.425
tree434	-43.5952	0.000153764	0.248836	0.154794	0.001	6.844	3.214	12.369
tree435	-44.2669	1e-06	0.189517	0.180797	0	6.34	4.45	14.11
tree436	-44.2932	1e-06	0.185439	0.195274	0	6.341	5.218	14.877
tree437	-46.0676	1.79228e-06	0.245701	0.22931	0	8.061	4.335	12.274
tree438	-46.369	1e-06	0.213993	0.208064	0	6.467	4.915	14.448
tree439	-43.4426	0.00119643	0.206112	0.184884	0.004	6.847	4.24	13.389
tree440	-45.2315	5.06602e-06	0.200365	0.211947	0	6.911	5.328	14.417
tree441	-45.7825	1e-06	0.234196	0.192852	0	7.539	4.142	12.603
tree442	-44.2669	1e-06	0.189517	0.180797	0	6.416	4.493	14.077
tree443	-44.3215	3.45587e-06	0.220399	0.151554	0	6.374	3.482	13.108
tree444	-42.6567	1e-06	0.231125	0.125554	0	6.64	2.471	11.831
tree445	-44.9086	1e-06	0.239814	0.193222	0	7.526	3.922	12.396
tree446	-43.5269	1e-06	0.211927	0.160288	0	7.256	3.478	12.222
tree447	-43.5585	8.11329e-06	0.161581	0.163121	0	4.95	4.324	15.374
tree448	-45.8644	1e-06	0.217457	0.205889	0	7.354	4.701	13.347
tree449	-43.5585	8.11329e-06	0.161581	0.163121	0	4.911	4.221	15.31
tree450	-44.2669	1e-06	0.189517	0.180797	0	6.402	4.434	14.032
tree451	-44.164	1e-06	0.215633	0.174332	0	6.79	3.914	13.124
tree452	-43.781	1e-06	0.245603	0.130918	0	6.92	2.783	11.863
tree453	-45.9447	1e-06	0.248485	0.205668	0	7.454	4.391	12.937
tree454	-44.2669	1e-06	0.189517	0.180797	0	6.332	4.467	14.135
tree455	-45.3116	1e-06	0.220944	0.197655	0	7.129	4.647	13.518
tree456	-45.3375	0.000180829	0.190931	0.189988	0.001	5.763	4.997	15.233
tree457	-44.2669	1e-06	0.189517	0.180797	0	6.355	4.446	14.091
tree458	-42.3112	1e-06	0.149075	0.145093	0	4.461	3.908	15.447
tree459	-44.2669	1e-06	0.189517	0.180797	0	6.477	4.425	13.948
tree460	-43.5269	1e-06	0.211927	0.160288	0	7.167	3.407	12.24
tree461	-44.2669	1e-06	0.189517	0.180797	0	6.416	4.421	14.005
tree462	-42.3112	1e-06	0.149075	0.145093	0	4.547	3.927	15.38
tree463	-45.7825	1e-06	0.234196	0.192852	0	7.477	4.215	12.738
tree464	-44.2669	1e-06	0.189517	0.180797	0	6.5	4.55	14.05
tree465	-44.9066	0.000958465	0.248577	0.181818	0.002	7.539	3.363	11.822
tree466	-42.3112	1e-06	0.149075	0.145093	0	4.564	3.922	15.358
tree467	-46.1319	1e-06	0.217389	0.206155	0	6.581	4.714	14.133
tree468	-42.4145	9.1816e-05	0.221441	0.119669	0	6.543	2.391	11.848
tree469	-46.1319	1e-06	0.217389	0.206155	0	6.624	4.704	14.08
tree470	-42.2259	0.00328206	0.165453	0.15368	0.005	4.759	3.87	15.106
tree471	-44.6712	0.00158988	0.25268	0.193888	0.004	7.417	3.565	12.144
tree472	-43.1682	0.000108321	0.222465	0.120336	0	6.239	2.75	12.511
tree473	-41.6566	1e-06	0.209646	0.129284	0	7.707	1.977	10.27
tree474	-46.3254	1e-06	0.233479	0.222221	0	7.454	5.105	13.651
tree475	-43.5952	0.000153764	0.248836	0.154794	0	6.825	3.229	12.404
tree476	-45.3375	0.000180829	0.190931	0.189988	0	5.844	4.882	15.038
tree477	-43.1682	0.000108321	0.222465	0.120336	0	6.299	2.741	12.442
tree478	-44.2932	1e-06	0.185439	0.195274	0	6.266	5.252	14.986
tree479	-45.3116	1e-06	0.220944	0.197655	0	7.251	4.525	13.274
tree480	-42.3112	1e-06	0.149075	0.145093	0	4.5	3.869	15.369
tree481	-45.3375	0.000180829	0.190931	0.189988	0	5.88	4.78	14.9
tree482	-45.1102	1e-06	0.210038	0.197485	0	7.113	4.782	13.669
tree483	-45.3375	0.000180829	0.190931	0.189988	0.001	5.796	4.878	15.081
tree484	-45.0155	1e-06	0.219646	0.194467	0	7.076	4.436	13.36
tree485	-44.164	1e-06	0.215633	0.174332	0	6.728	3.972	13.244
tree486	-44.2932	1e-06	0.185439	0.195274	0	6.321	5.295	14.974
tree487	-44.2747	0.000230194	0.26105	0.146903	0	7.243	2.836	11.593
tree488	-45.3375	0.000180829	0.190931	0.189988	0.001	5.789	4.85	15.06
tree489	-44.2669	1e-06	0.189517	0.180797	0	6.328	4.488	14.16
tree490	-44.1397	4.18046e-06	0.251906	0.124511	0	7.057	2.554	11.497
tree491	-44.9968	0.000294878	0.25496	0.135801	0	7.605	2.581	10.976
tree492	-45.3116	1e-06	0.220944	0.197655	0	7.18	4.614	13.434
tree493	-44.5407	1e-06	0.23974	0.155877	0	7.388	3.206	11.818
tree494	-45.1102	1e-06	0.210038	0.197485	0	7.014	4.816	13.802
tree495	-43.5952	0.000153764	0.248836	0.154794	0	6.749	3.127	12.378
tree496	-44.2669	1e-06	0.189517	0.180797	0	6.44	4.6	14.16
tree497	-43.781	1e-06	0.245603	0.130918	0	6.891	2.781	11.89
tree498	-44.2669	1e-06	0.189517	0.180797	0	6.463	4.477	14.014
tree499	-44.5407	1e-06	0.23974	0.155877	0	7.481	3.102	11.621
tree500	-44.2669	1e-06	0.189517	0.180797	0	6.4	4.521	14.121
tree501	-43.781	1e-06	0.245603	0.130918	0	6.907	2.735	11.828
tree502	-45.9447	1e-06	0.248485	0.205668	0	7.53	4.382	12.852
tree503	-43.7965	1e-06	0.157309	0.165561	0	4.924	4.503	15.579
tree504	-44.2669	1e-06	0.189517	0.180797	0	6.421	4.498	14.077
tree505	-44.2932	1e-06	0.185439	0.195274	0	6.403	5.255	14.852
tree506	-45.0155	1e-06	0.219646	0.194467	0	7.002	4.518	13.516
tree507	-44.0729	2.62126e-05	0.250602	0.125561	0	7.083	2.566	11.483
tree508	-45.9447	1e-06	0.248485	0.205668	0	7.535	4.326	12.791
tree509	-44.164	1e-06	0.215633	0.174332	0	6.759	3.946	13.187
tree510	-45.3116	1e-06	0.220944	0.197655	0	7.009	4.646	13.637
tree511	-44.2669	1e-06	0.189517	0.180797	0	6.481	4.528	14.047
tree512	-45.7825	1e-06	0.234196	0.192852	0	7.552	4.185	12.633
tree513	-44.2669	1e-06	0.189517	0.180797	0	6.442	4.441	13.999
tree514	-44.164	1e-06	0.215633	0.174332	0	6.783	3.917	13.134
tree515	-45.7825	1e-06	0.234196	0.192852	0	7.514	4.115	12.601
tree516	-43.781	1e-06	0.245603	0.130918	0	6.962	2.811	11.849
tree517	-42.1179	7.54792e-06	0.157204	0.152552	0	4.962	4.051	15.089
tree518	-44.164	1e-06	0.215633	0.174332	0	6.742	3.904	13.162
tree519	-43.781	1e-06	0.245603	0.130918	0	6.833	2.791	11.958
tree520	-42.6468	5.61427e-05	0.187621	0.148489	0.001	6.028	3.329	13.3
tree521	-43.5585	8.11329e-06	0.161581	0.163121	0	4.943	4.274	15.331
tree522	-42.5962	1e-06	0.147976	0.162389	0	4.586	4.233	15.647
tree523	-43.6209	5.99898e-06	0.162646	0.15982	0	4.905	4.319	15.414
tree524	-44.2669	1e-06	0.189517	0.180797	0	6.359	4.509	14.15
tree525	-45.3116	1e-06	0.220944	0.197655	0	7.111	4.615	13.504
tree526	-42.7091	0.000100218	0.184426	0.183864	0	7.797	4.12	12.323
tree527	-42.5764	1e-06	0.239116	1e-06	0	6.373	0	9.627
tree528	-44.164	1e-06	0.215633	0.174332	0	6.692	3.989	13.297
tree529	-43.5952	0.000153764	0.248836	0.154794	0.001	6.819	3.347	12.527
tree530	-45.3375	0.000180829	0.190931	0.189988	0	5.805	4.889	15.084
tree531	-45.3116	1e-06	0.220944	0.197655	0	7.134	4.553	13.419
tree532	-45.3375	0.000180829	0.190931	0.189988	0	5.825	4.775	14.95
tree533	-45.0352	1e-06	0.204001	0.198948	0	6.899	4.97	14.071
tree534	-44.5407	1e-06	0.23974	0.155877	0	7.383	3.182	11.799
tree535	-45.3116	1e-06	0.220944	0.197655	0	7.137	4.498	13.361
tree536	-44.4798	1e-06	0.263204	0.13082	0	7.476	2.396	10.92
tree537	-46.3279	1e-06	0.251054	0.23218	0	7.611	5.113	13.502
tree538	-44.2669	1e-06	0.189517	0.180797	0	6.47	4.437	13.967
tree539	-45.1922	1e-06	0.19609	0.213705	0	6.321	5.133	14.812
tree540	-45.8607	2.15612e-05	0.251096	0.168967	0	7.089	3.829	12.74
tree541	-45.3832	1e-06	0.230649	0.139542	0	6.569	3.229	12.66
tree542	-40.7647	1e-06	0.13266	0.151886	0	4.942	4.549	15.607
tree543	-45.3375	0.000180829	0.190931	0.189988	0.004	5.774	4.856	15.078
tree544	-44.2669	1e-06	0.189517	0.180797	0	6.339	4.492	14.153
tree545	-42.3112	1e-06	0.149075	0.145093	0	4.597	3.946	15.349
tree546	-44.5407	1e-06	0.23974	0.155877	0	7.432	3.109	11.677
tree547	-43.5952	0.000153764	0.248836	0.154794	0	6.824	3.221	12.397
tree548	-44.1093	0.000103554	0.214198	0.174006	0	7.605	3.698	12.093
tree549	-43.1682	0.000108321	0.222465	0.120336	0	6.211	2.741	12.53
tree550	-42.3112	1e-06	0.149075	0.145093	0	4.522	3.899	15.377
tree551	-44.0729	2.62126e-05	0.250602	0.125561	0	7.031	2.535	11.504
tree552	-44.9086	1e-06	0.239814	0.193222	0	7.501	4.03	12.529
tree553	-43.781	1e-06	0.245603	0.130918	0	6.907	2.845	11.938
tree554	-46.447	2.46085e-05	0.263494	0.215621	0	8.043	4.197	12.154
tree555	-44.2669	1e-06	0.189517	0.180797	0	6.404	4.457	14.053
tree556	-38.4652	2.65131e-05	0.11027	0.113102	0	3.462	3.213	15.751
tree557	-44.2669	1e-06	0.189517	0.180797	0	6.418	4.356	13.938
tree558	-42.1179	7.54792e-06	0.157204	0.152552	0	4.922	3.95	15.028
tree559	-46.727	8.84364e-05	0.265522	0.213169	0	8.063	4.143	12.08
tree560	-43.2316	4.13678e-05	0.174267	0.176239	0	5.709	4.299	14.59
tree561	-45.7825	1e-06	0.234196	0.192852	0	7.563	4.257	12.694
tree562	-44.2147	1e-06	0.23815	0.176593	0	6.866	3.902	13.036
tree563	-43.5952	0.000153764	0.248836	0.154794	0	6.778	3.204	12.426
tree564	-45.0943	1e-06	0.233313	0.193272	0	7.408	4.162	12.754
tree565	-42.5768	4.64281e-06	0.180783	0.203738	0	8.171	4.913	12.742
tree566	-43.781	1e-06	0.245603	0.130918	0	6.935	2.77	11.835
tree567	-45.2313	4.57916e-05	0.23906	0.135926	0	6.871	3.01	12.139
tree568	-46.1319	1e-06	0.217389	0.206155	0	6.65	4.684	14.034
tree569	-44.7032	5.35802e-05	0.245146	0.174627	0	7.966	2.953	10.987
tree570	-43.5269	1e-06	0.211927	0.160288	0	7.273	3.388	12.115
tree571	-45.3375	0.000180829	0.190931	0.189988	0	5.835	4.808	14.973
tree572	-44.3215	3.45587e-06	0.220399	0.151554	0	6.455	3.427	12.972
tree573	-45.0155	1e-06	0.219646	0.194467	0	7.031	4.462	13.431
tree574	-45.3116	1e-06	0.220944	0.197655	0	7.197	4.595	13.398
tree575	-45.7825	1e-06	0.234196	0.192852	0	7.466	4.142	12.676
tree576	-43.5952	0.000153764	0.248836	0.154794	0	6.902	3.176	12.274
tree577	-44.2669	1e-06	0.189517	0.180797	0	6.358	4.48	14.122
tree578	-44.5407	1e-06	0.23974	0.155877	0	7.463	3.092	11.629
tree579	-45.9169	1e-06	0.244904	0.207728	0	7.504	4.472	12.968
tree580	-44.2122	1e-06	0.280355	0.0055565	0	7.117	0.099	8.982
tree581	-45.3375	0.000180829	0.190931	0.189988	0.001	5.735	4.942	15.206
tree582	-43.1069	1e-06	0.177822	0.167247	0	5.554	4.072	14.518
tree583	-45.5522	1e-06	0.18766	0.207292	0	5.759	5.164	15.405
tree584	-44.2669	1e-06	0.189517	0.180797	0	6.424	4.517	14.093
tree585	-45.3116	1e-06	0.220944	0.197655	0	7.21	4.573	13.363
tree586	-45.3116	1e-06	0.220944	0.197655	0	7.19	4.54	13.35
tree587	-44.164	1e-06	0.215633	0.174332	0	6.661	3.96	13.299
tree588	-42.1286	1e-06	0.177584	0.124676	0	5.76	3.295	13.535
tree589	-44.2669	1e-06	0.189517	0.180797	0	6.481	4.508	14.027
tree590	-45.0155	1e-06	0.219646	0.194467	0	7.105	4.412	13.307
tree591	-44.2669	1e-06	0.189517	0.180797	0	6.352	4.477	14.125
tree592	-44.2341	0.000198051	0.210238	0.21107	0.002	8.319	4.79	12.469
tree593	-44.9086	1e-06	0.239814	0.193222	0	7.584	3.932	12.348
tree594	-44.2669	1e-06	0.189517	0.180797	0	6.363	4.435	14.072
tree595	-44.6064	1e-06	0.203167	0.212781	0	7.331	4.722	13.391
tree596	-44.5284	1e-06	0.214927	0.217437	0	8.354	4.965	12.611
tree597	-45.3116	1e-06	0.220944	0.197655	0	7.163	4.558	13.395
tree598	-39.2499	1e-06	0.231924	1e-06	0	6.157	0	9.843
tree599	-44.5407	1e-06	0.23974	0.155877	0	7.499	3.104	11.605
tree600	-44.164	1e-06	0.215633	0.174332	0	6.777	3.925	13.148
tree601	-43.5269	1e-06	0.211927	0.160288	0	7.248	3.535	12.287
tree602	-43.781	1e-06	0.245603	0.130918	0	6.872	2.871	11.999
tree603	-45.0155	1e-06	0.219646	0.194467	0	7.198	4.41	13.212
tree604	-42.3112	1e-06	0.149075	0.145093	0	4.514	3.878	15.364
tree605	-45.2315	5.06602e-06	0.200365	0.211947	0	6.947	5.423	14.476
tree606	-44.2147	1e-06	0.23815	0.176593	0	6.879	3.901	13.022
tree607	-46.1319	1e-06	0.217389	0.206155	0	6.689	4.744	14.055
tree608	-43.6985	2.95754e-05	0.198063	0.198347	0	7.789	4.697	12.908
tree609	-46.1319	1e-06	0.217389	0.206155	0	6.589	4.781	14.192
tree610	-42.428	1e-06	0.210023	0.104045	0	6.15	2.458	12.308
tree611	-46.1319	1e-06	0.217389	0.206155	0	6.658	4.707	14.049
tree612	-44.462	1e-06	0.262207	0.149422	0	7.387	2.964	11.577
tree613	-45.5522	1e-06	0.18766	0.207292	0	5.692	5.272	15.58
tree614	-44.462	1e-06	0.262207	0.149422	0	7.396	2.968	11.572
tree615	-45.0352	1e-06	0.204001	0.198948	0	6.991	4.878	13.887
tree616	-44.9968	0.000294878	0.25496	0.135801	0	7.616	2.598	10.982
tree617	-46.1319	1e-06	0.217389	0.206155	0	6.608	4.777	14.169
tree618	-45.0155	1e-06	0.219646	0.194467	0	7.149	4.293	13.144
tree619	-45.7825	1e-06	0.234196	0.192852	0	7.498	4.152	12.654
tree620	-46.1198	1e-06	0.27168	0.160526	0	7.753	3.288	11.535
tree621	-44.6994	0.000110189	0.186114	0.193221	0	6.68	5.092	14.412
tree622	-44.2669	1e-06	0.189517	0.180797	0	6.434	4.488	14.054
tree623	-43.1069	1e-06	0.177822	0.167247	0	5.563	4.009	14.446
tree624	-45.2213	1e-06	0.267738	0.190017	0	7.432	4.03	12.598
tree625	-44.5407	1e-06	0.23974	0.155877	0	7.441	3.198	11.757
tree626	-45.0352	1e-06	0.204001	0.198948	0	6.901	4.901	14
tree627	-43.5585	8.11329e-06	0.161581	0.163121	0	4.949	4.286	15.337
tree628	-42.3112	1e-06	0.149075	0.145093	0	4.488	3.912	15.424
tree629	-45.1102	1e-06	0.210038	0.197485	0	7.011	4.798	13.787
tree630	-43.9031	0.000199331	0.19531	0.210258	0	6.904	5.059	14.155
tree631	-43.1727	1e-06	0.215592	0.158408	0	7.61	2.985	11.375
tree632	-44.3346	7.59989e-05	0.251585	0.172682	0	7.134	3.518	12.384
tree633	-44.2669	1e-06	0.189517	0.180797	0	6.338	4.45	14.112
tree634	-45.3116	1e-06	0.220944	0.197655	0	7.128	4.511	13.383
tree635	-45.5522	1e-06	0.18766	0.207292	0	5.8	5.319	15.519
tree636	-44.164	1e-06	0.215633	0.174332	0	6.762	3.927	13.165
tree637	-43.5585	8.11329e-06	0.161581	0.163121	0	4.951	4.242	15.291
tree638	-42.1179	7.54792e-06	0.157204	0.152552	0	4.934	3.977	15.043
tree639	-42.2343	1e-06	0.205867	0.113512	0	5.988	2.593	12.605
tree640	-45.5233	1e-06	0.19998	0.199389	0	6.16	4.836	14.676
tree641	-42.3112	1e-06	0.149075	0.145093	0	4.512	3.913	15.401
tree642	-45.3375	0.000180829	0.190931	0.189988	0	5.932	4.797	14.865
tree643	-44.2341	0.000198051	0.210238	0.21107	0	8.247	4.916	12.669
tree644	-44.164	1e-06	0.215633	0.174332	0	6.754	3.935	13.181
tree645	-44.6994	0.000110189	0.186114	0.193221	0	6.608	5.223	14.615
tree646	-46.1319	1e-06	0.217389	0.206155	0	6.629	4.766	14.137
tree647	-44.1509	1e-06	0.254115	0.147273	0	7.417	2.783	11.366
tree648	-42.3112	1e-06	0.149075	0.145093	0	4.539	3.947	15.408
tree649	-43.7096	0.00106365	0.221486	0.179443	0.001	7.087	3.753	12.665
tree650	-46.1319	1e-06	0.217389	0.206155	0	6.5	4.704	14.204
tree651	-44.164	1e-06	0.215633	0.174332	0	6.697	3.998	13.301
tree652	-44.2405	6.2561e-05	0.193637	0.224818	0	7.534	5.53	13.996
tree653	-44.5048	1.66505e-05	0.269569	0.137393	0	7.524	2.693	11.169
tree654	-43.5952	0.000153764	0.248836	0.154794	0.001	6.805	3.182	12.376
tree655	-45.0352	1e-06	0.204001	0.198948	0	6.868	4.877	14.009
tree656	-41.2513	1e-06	0.141522	0.0965244	0	4.284	2.522	14.238
tree657	-43.7965	1e-06	0.157309	0.165561	0	4.926	4.438	15.512
tree658	-43.5269	1e-06	0.211927	0.160288	0	7.182	3.426	12.244
tree659	-43.7965	1e-06	0.157309	0.165561	0	4.833	4.459	15.626
tree660	-44.3076	1.88371e-06	0.220572	0.181823	0	6.581	4.11	13.529
tree661	-44.9086	1e-06	0.239814	0.193222	0	7.543	3.974	12.431
tree662	-44.2669	1e-06	0.189517	0.180797	0	6.399	4.485	14.086
tree663	-42.3341	1e-06	0.174338	0.143833	0	5.681	3.181	13.5
tree664	-44.846	2.82193e-05	0.203076	0.189657	0	6.213	4.335	14.122
tree665	-44.2669	1e-06	0.189517	0.180797	0	6.446	4.524	14.078
tree666	-45.3375	0.000180829	0.190931	0.189988	0	5.813	4.849	15.036
tree667	-42.3112	1e-06	0.149075	0.145093	0	4.488	3.901	15.413
tree668	-44.2669	1e-06	0.189517	0.180797	0	6.324	4.461	14.137
tree669	-44.3076	1.88371e-06	0.220572	0.181823	0	6.691	4.022	13.331
tree670	-45.3116	1e-06	0.220944	0.197655	0	7.143	4.582	13.439
tree671	-42.351	1e-06	0.153473	0.167738	0	5.555	4.801	15.246
tree672	-43.781	1e-06	0.245603	0.130918	0	6.879	2.844	11.965
tree673	-43.5585	8.11329e-06	0.161581	0.163121	0	4.868	4.221	15.353
tree674	-44.2747	0.000230194	0.26105	0.146903	0	7.266	2.902	11.636
tree675	-44.2932	1e-06	0.185439	0.195274	0	6.513	5.308	14.795
tree676	-45.0155	1e-06	0.219646	0.194467	0	7.227	4.521	13.294
tree677	-43.4666	0.000163083	0.227007	0.163333	0.001	8.113	3.202	11.088
tree678	-43.1682	0.000108321	0.222465	0.120336	0	6.301	2.758	12.457
tree679	-44.3215	3.45587e-06	0.220399	0.151554	0.001	6.433	3.496	13.062
tree680	-44.5407	1e-06	0.23974	0.155877	0	7.361	3.124	11.763
tree681	-43.781	1e-06	0.245603	0.130918	0	6.937	2.813	11.876
tree682	-43.781	1e-06	0.245603	0.130918	0	6.88	2.821	11.941
tree683	-46.7187	0.000113435	0.166561	0.143914	0	5.112	3.788	14.676
tree684	-46.1319	1e-06	0.217389	0.206155	0	6.619	4.722	14.103
tree685	-43.5952	0.000153764	0.248836	0.154794	0	6.8	3.136	12.336
tree686	-45.2505	1.92133e-05	0.242907	0.177627	0.001	7.146	3.853	12.706
tree687	-44.0729	2.62126e-05	0.250602	0.125561	0.001	7.068	2.499	11.43
tree688	-42.3112	1e-06	0.149075	0.145093	0	4.515	3.924	15.409
tree689	-44.2669	1e-06	0.189517	0.180797	0	6.422	4.39	13.968
tree690	-44.4793	1e-06	0.219906	0.182852	0	6.998	4.034	13.036
tree691	-44.9066	0.000958465	0.248577	0.181818	0.002	7.582	3.297	11.713
tree692	-44.9086	1e-06	0.239814	0.193222	0	7.507	3.977	12.47
tree693	-46.1319	1e-06	0.217389	0.206155	0	6.66	4.662	14.002
tree694	-45.7825	1e-06	0.234196	0.192852	0	7.567	4.382	12.815
tree695	-45.0155	1e-06	0.219646	0.194467	0	7.207	4.456	13.249
tree696	-44.2669	1e-06	0.189517	0.180797	0	6.44	4.45	14.01
tree697	-42.7509	8.45638e-06	0.238804	9.05791e-05	0	6.364	0.002	9.638
tree698	-45.3116	1e-06	0.220944	0.197655	0	7.281	4.558	13.277
tree699	-44.462	1e-06	0.262207	0.149422	0	7.376	2.865	11.489
tree700	-44.2669	1e-06	0.189517	0.180797	0	6.446	4.473	14.027
tree701	-43.1682	0.000108321	0.222465	0.120336	0	6.313	2.689	12.376
tree702	-42.3112	1e-06	0.149075	0.145093	0	4.59	3.868	15.278
tree703	-45.7056	1e-06	0.260091	0.199643	0	7.683	4.266	12.583
tree704	-40.0653	2.23931e-05	0.15531	0.0617783	0	4.991	1.461	12.47
tree705	-45.3375	0.000180829	0.190931	0.189988	0.001	5.826	4.845	15.018
tree706	-43.1419	1e-06	0.174985	0.140823	0	5.203	3.556	14.353
tree707	-42.5764	1e-06	0.239116	1e-06	0	6.318	0	9.682
tree708	-44.2669	1e-06	0.189517	0.180797	0	6.438	4.472	14.034
tree709	-45.3116	1e-06	0.220944	0.197655	0	7.1	4.53	13.43
tree710	-44.2669	1e-06	0.189517	0.180797	0	6.388	4.452	14.064
tree711	-44.2669	1e-06	0.189517	0.180797	0	6.362	4.45	14.088
tree712	-45.3116	1e-06	0.220944	0.197655	0	7.111	4.572	13.461
tree713	-44.5407	1e-06	0.23974	0.155877	0	7.46	3.216	11.756
tree714	-45.2649	0.00592633	0.249095	0.196708	0.018	7.763	4.228	12.447
tree715	-45.7056	1e-06	0.260091	0.199643	0	7.667	4.189	12.522
tree716	-45.3375	0.000180829	0.190931	0.189988	0	5.832	4.813	14.981
tree717	-45.7825	1e-06	0.234196	0.192852	0	7.525	4.131	12.606
tree718	-45.3116	1e-06	0.220944	0.197655	0	7.145	4.577	13.432
tree719	-45.0336	0.000187547	0.25737	0.19933	0.002	7.752	3.999	12.245
tree720	-45.3116	1e-06	0.220944	0.197655	0	7.181	4.626	13.445
tree721	-42.1631	5.35669e-05	0.153883	0.154242	0	4.892	3.981	15.089
tree722	-44.164	1e-06	0.215633	0.174332	0	6.83	3.987	13.157
tree723	-44.6994	0.000110189	0.186114	0.193221	0	6.579	5.166	14.587
tree724	-45.0352	1e-06	0.204001	0.198948	0	7.027	4.945	13.918
tree725	-44.9968	0.000294878	0.25496	0.135801	0	7.645	2.61	10.965
tree726	-44.2669	1e-06	0.189517	0.180797	0	6.451	4.341	13.89
tree727	-45.7825	1e-06	0.234196	0.192852	0	7.533	4.171	12.638
tree728	-43.1682	0.000108321	0.222465	0.120336	0	6.22	2.732	12.512
tree729	-44.2932	1e-06	0.185439	0.195274	0	6.362	5.18	14.818
tree730	-44.5407	1e-06	0.23974	0.155877	0	7.422	3.189	11.767
tree731	-43.1682	0.000108321	0.222465	0.120336	0	6.251	2.726	12.475
tree732	-44.2747	0.000230194	0.26105	0.146903	0	7.259	2.819	11.56
tree733	-42.4202	1e-06	0.158132	0.151104	0	4.778	4.017	15.239
tree734	-45.0933	1.71682e-05	0.24598	0.18012	0	7.226	3.942	12.716
tree735	-45.4047	1e-06	0.197363	0.211391	0	5.991	5.42	15.429
tree736	-43.5585	8.11329e-06	0.161581	0.163121	0.001	4.955	4.246	15.29
tree737	-42.5763	1e-06	0.237543	1e-06	0	6.32	0	9.68
tree738	-45.9447	1e-06	0.248485	0.205668	0	7.506	4.35	12.844
tree739	-42.2259	0.00328206	0.165453	0.15368	0.004	4.738	3.8	15.058
tree740	-42.2259	0.00328206	0.165453	0.15368	0.006	4.769	3.894	15.119
tree741	-44.164	1e-06	0.215633	0.174332	0	6.849	4.022	13.173
tree742	-45.0155	1e-06	0.219646	0.194467	0	7.09	4.497	13.407
tree743	-45.3375	0.000180829	0.190931	0.189988	0	5.834	4.84	15.006
tree744	-44.9086	1e-06	0.239814	0.193222	0	7.477	3.974	12.497
tree745	-44.015	3.24467e-05	0.207509	0.197778	0	7.749	4.814	13.065
tree746	-44.164	1e-06	0.215633	0.174332	0	6.792	3.881	13.089
tree747	-44.2405	6.2561e-05	0.193637	0.224818	0	7.602	5.63	14.028
tree748	-44.9086	1e-06	0.239814	0.193222	0	7.535	4.013	12.478
tree749	-45.0352	1e-06	0.204001	0.198948	0	6.934	4.991	14.057
tree750	-40.9982	1.54649e-06	0.158685	0.164795	0	5.602	4.605	15.003
tree751	-43.355	1e-06	0.214345	0.165191	0	7.051	3.594	12.543
tree752	-42.3112	1e-06	0.149075	0.145093	0	4.562	3.865	15.303
tree753	-44.9086	1e-06	0.239814	0.193222	0	7.493	3.976	12.483
tree754	-43.1419	1e-06	0.174985	0.140823	0	5.221	3.567	14.346
tree755	-42.1286	1e-06	0.177584	0.124676	0	5.788	3.222	13.434
tree756	-42.428	1e-06	0.210023	0.104045	0	6.157	2.426	12.269
tree757	-45.0155	1e-06	0.219646	0.194467	0	7.149	4.47	13.321
tree758	-45.3116	1e-06	0.220944	0.197655	0	7.115	4.553	13.438
tree759	-46.3254	1e-06	0.233479	0.222221	0	7.388	5.075	13.687
tree760	-42.7891	1.84312e-05	0.249706	0.110434	0	6.752	2.198	11.446
tree761	-45.0155	1e-06	0.219646	0.194467	0	6.975	4.476	13.501
tree762	-43.5952	0.000153764	0.248836	0.154794	0.001	6.789	3.192	12.402
tree763	-46.3254	1e-06	0.233479	0.222221	0	7.374	5.001	13.627
tree764	-43.0193	1e-06	0.166637	0.119415	0	4.956	2.938	13.982
tree765	-45.9447	1e-06	0.248485	0.205668	0	7.555	4.36	12.805
tree766	-45.3116	1e-06	0.220944	0.197655	0	7.108	4.519	13.411
tree767	-45.3116	1e-06	0.220944	0.197655	0	7.042	4.545	13.503
tree768	-45.3117	1e-06	0.223683	0.219239	0	7.277	4.686	13.409
tree769	-46.1319	1e-06	0.217389	0.206155	0	6.561	4.811	14.25
tree770	-43.9573	1e-06	0.237842	0.171494	0	7.491	3.531	12.04
tree771	-46.257	3.03609e-05	0.227341	0.205367	0	6.807	4.59	13.783
tree772	-39.6579	4.75227e-05	0.166072	0.131967	0	5.632	3.227	13.595
tree773	-44.9066	0.000958465	0.248577	0.181818	0.004	7.551	3.497	11.942
tree774	-44.2341	0.000198051	0.210238	0.21107	0	8.202	4.89	12.688
tree775	-45.3375	0.000180829	0.190931	0.189988	0	5.878	4.9	15.022
tree776	-43.5257	1e-06	0.211311	0.141988	0	6.078	3.394	13.316
tree777	-43.1727	1e-06	0.215592	0.158408	0	7.604	2.951	11.347
tree778	-44.5048	1.66505e-05	0.269569	0.137393	0.001	7.502	2.75	11.247
tree779	-43.6209	5.99898e-06	0.162646	0.15982	0	4.985	4.218	15.233
tree780	-42.3899	1e-06	0.192288	0.113479	0	5.986	2.477	12.491
tree781	-45.7825	1e-06	0.234196	0.192852	0	7.496	4.247	12.751
tree782	-43.781	1e-06	0.245603	0.130918	0	6.938	2.781	11.843
tree783	-45.3116	1e-06	0.220944	0.197655	0	7.145	4.611	13.466
tree784	-44.9086	1e-06	0.239814	0.193222	0	7.556	3.974	12.418
tree785	-45.2393	1e-06	0.202021	0.210911	0	7.035	5.441	14.406
tree786	-44.0729	2.62126e-05	0.250602	0.125561	0	7.004	2.651	11.647
tree787	-43.6209	5.99898e-06	0.162646	0.15982	0	4.926	4.197	15.271
tree788	-45.3116	1e-06	0.220944	0.197655	0	7.141	4.562	13.421
tree789	-44.4805	1e-06	0.210145	0.188623	0	6.773	4.509	13.736
tree790	-42.9525	1e-06	0.170785	0.212773	0.001	7.738	5.35	13.611
tree791	-44.2669	1e-06	0.189517	0.180797	0	6.445	4.456	14.011
tree792	-45.0155	1e-06	0.219646	0.194467	0	7.174	4.317	13.143
tree793	-44.9086	1e-06	0.239814	0.193222	0	7.581	3.948	12.367
tree794	-46.0932	2.74892e-05	0.211945	0.225873	0.001	6.918	5.138	14.219
tree795	-46.3692	1.42297e-05	0.259895	0.218977	0	7.889	4.352	12.463
tree796	-43.1682	0.000108321	0.222465	0.120336	0.001	6.274	2.739	12.464
tree797	-44.7465	3.43406e-06	0.249212	0.191454	0	7.508	3.903	12.395
tree798	-44.2669	1e-06	0.189517	0.180797	0	6.445	4.546	14.101
tree799	-44.8537	1e-06	0.229566	0.196034	0	6.915	4.318	13.403
tree800	-44.5284	1e-06	0.214927	0.217437	0	8.449	5.136	12.687
tree801	-43.6985	2.95754e-05	0.198063	0.198347	0	7.751	4.817	13.066
tree802	-44.4805	1e-06	0.210145	0.188623	0	6.783	4.538	13.755
tree803	-43.6209	5.99898e-06	0.162646	0.15982	0	4.946	4.297	15.351
tree804	-45.0155	1e-06	0.219646	0.194467	0	7.185	4.428	13.243
tree805	-46.1319	1e-06	0.217389	0.206155	0	6.574	4.741	14.167
tree806	-43.1682	0.000108321	0.222465	0.120336	0	6.258	2.72	12.462
tree807	-42.3112	1e-06	0.149075	0.145093	0	4.54	3.904	15.364
tree808	-45.0155	1e-06	0.219646	0.194467	0	7.178	4.415	13.237
tree809	-45.3116	1e-06	0.220944	0.197655	0	7.142	4.518	13.376
tree810	-43.5269	1e-06	0.211927	0.160288	0	7.178	3.463	12.285
tree811	-45.3116	1e-06	0.220944	0.197655	0	7.16	4.502	13.342
tree812	-43.9573	1e-06	0.188977	0.18812	0	6.475	4.605	14.13
tree813	-45.0352	1e-06	0.204001	0.198948	0	6.835	4.907	14.072
tree814	-44.7416	1e-06	0.315732	1e-06	0	7.903	0	8.097
tree815	-45.9447	1e-06	0.248485	0.205668	0	7.544	4.38	12.836
tree816	-44.5407	1e-06	0.23974	0.155877	0	7.355	3.133	11.778
tree817	-42.3112	1e-06	0.149075	0.145093	0	4.511	3.887	15.376
tree818	-44.3547	1e-06	0.21478	0.192606	0	7.271	4.005	12.734
tree819	-45.0155	1e-06	0.219646	0.194467	0	7.16	4.389	13.229
tree820	-45.3375	0.000180829	0.190931	0.189988	0	5.839	4.833	14.994
tree821	-44.462	1e-06	0.262207	0.149422	0	7.378	3.002	11.624
tree822	-45.7825	1e-06	0.234196	0.192852	0	7.53	4.154	12.624
tree823	-42.1286	1e-06	0.177584	0.124676	0	5.814	3.306	13.492
tree824	-43.1419	1e-06	0.174985	0.140823	0	5.207	3.554	14.347
tree825	-43.6985	2.95754e-05	0.198063	0.198347	0	7.768	4.732	12.964
tree826	-41.815	0.00020519	0.148396	0.132666	0	4.606	3.468	14.862
tree827	-44.1346	1e-06	0.226395	0.176686	0	6.831	3.935	13.104
tree828	-45.2315	5.06602e-06	0.200365	0.211947	0	6.88	5.444	14.564
tree829	-44.3215	3.45587e-06	0.220399	0.151554	0	6.366	3.555	13.189
tree830	-39.9103	0.000149593	0.150741	0.0939467	0	4.485	2.298	13.813
tree831	-42.3112	1e-06	0.149075	0.145093	0	4.491	3.875	15.384
tree832	-43.3425	1e-06	0.227682	0.155941	0	6.597	3.319	12.722
tree833	-46.0817	1e-06	0.270835	0.151918	0	7.63	3.099	11.469
tree834	-42.9138	4.44863e-06	0.184755	0.13085	0	5.455	3.256	13.801
tree835	-44.2669	1e-06	0.189517	0.180797	0	6.415	4.433	14.018
tree836	-44.164	1e-06	0.215633	0.174332	0	6.817	3.899	13.082
tree837	-44.2669	1e-06	0.189517	0.180797	0	6.418	4.431	14.013
tree838	-42.4202	1e-06	0.158132	0.151104	0	4.749	4.043	15.294
tree839	-45.7825	1e-06	0.234196	0.192852	0	7.675	4.204	12.529
tree840	-44.2932	1e-06	0.185439	0.195274	0	6.327	5.159	14.832
tree841	-45.7825	1e-06	0.234196	0.192852	0	7.539	4.151	12.612
tree842	-44.2405	6.2561e-05	0.193637	0.224818	0	7.748	5.658	13.91
tree843	-46.1319	1e-06	0.217389	0.206155	0	6.605	4.708	14.103
tree844	-42.4971	1e-06	0.155773	0.160113	0	4.808	4.353	15.545
tree845	-45.0943	1e-06	0.233313	0.193272	0	7.506	4.224	12.718
tree846	-41.5475	1e-06	0.143283	0.0970019	0	4.3	2.533	14.233
tree847	-42.3112	1e-06	0.149075	0.145093	0	4.542	3.89	15.348
tree848	-45.3375	0.000180829	0.190931	0.189988	0.001	5.735	4.814	15.078
tree849	-45.9447	1e-06	0.248485	0.205668	0	7.543	4.366	12.823
tree850	-44.5268	1e-06	0.257023	0.152386	0	7.316	2.987	11.671
tree851	-43.781	1e-06	0.245603	0.130918	0	6.879	2.818	11.939
tree852	-42.2355	0.000118669	0.201713	0.125583	0	7.092	2.055	10.963
tree853	-43.1069	1e-06	0.177822	0.167247	0	5.609	4.037	14.428
tree854	-40.716	1e-06	0.228971	1e-06	0	6.136	0	9.864
tree855	-46.447	2.46085e-05	0.263494	0.215621	0	8.068	4.182	12.114
tree856	-45.3953	1e-06	0.204939	0.202633	0	7.161	5.003	13.842
tree857	-44.2669	1e-06	0.189517	0.180797	0	6.496	4.416	13.92
tree858	-45.3116	1e-06	0.220944	0.197655	0	7.177	4.569	13.392
tree859	-44.2669	1e-06	0.189517	0.180797	0	6.424	4.408	13.984
tree860	-43.1727	1e-06	0.215592	0.158408	0	7.645	3.032	11.387
tree861	-44.2669	1e-06	0.189517	0.180797	0	6.419	4.41	13.991
tree862	-45.9121	5.17643e-05	0.22128	0.19807	0	7.328	4.546	13.218
tree863	-42.3112	1e-06	0.149075	0.145093	0	4.506	3.88	15.374
tree864	-43.6209	5.99898e-06	0.162646	0.15982	0	4.897	4.271	15.374
tree865	-44.5407	1e-06	0.23974	0.155877	0	7.378	3.196	11.818
tree866	-45.8644	1e-06	0.217457	0.205889	0	7.314	4.794	13.48
tree867	-39.9325	0.000213893	0.14767	0.0967802	0	4.237	2.522	14.285
tree868	-44.5407	1e-06	0.23974	0.155877	0	7.369	3.086	11.717
tree869	-45.0155	1e-06	0.219646	0.194467	0	6.999	4.51	13.511
tree870	-44.2669	1e-06	0.189517	0.180797	0	6.453	4.387	13.934
tree871	-44.6994	0.000110189	0.186114	0.193221	0.001	6.628	5.222	14.593
tree872	-44.5299	1e-06	0.260306	0.150635	0	7.429	2.977	11.548
tree873	-46.1319	1e-06	0.217389	0.206155	0	6.59	4.79	14.2
tree874	-44.1346	1e-06	0.226395	0.176686	0	6.907	3.947	13.04
tree875	-43.5269	1e-06	0.211927	0.160288	0	7.193	3.369	12.176
tree876	-44.4726	2.79196e-06	0.209967	0.149888	0.001	7	3.572	12.571
tree877	-44.9086	1e-06	0.239814	0.193222	0	7.542	3.94	12.398
tree878	-44.9086	1e-06	0.239814	0.193222	0	7.549	4.058	12.509
tree879	-44.2932	1e-06	0.185439	0.195274	0	6.424	5.32	14.896
tree880	-41.1234	3.58449e-06	0.197234	0.0501423	0	5.95	0.82	10.87
tree881	-45.3116	1e-06	0.220944	0.197655	0	7.151	4.62	13.469
tree882	-46.1319	1e-06	0.217389	0.206155	0	6.547	4.677	14.13
tree883	-44.164	1e-06	0.215633	0.174332	0	6.799	3.919	13.12
tree884	-44.2622	1e-06	0.19177	0.185021	0	6.416	4.552	14.136
tree885	-45.0155	1e-06	0.219646	0.194467	0	7.238	4.371	13.133
tree886	-44.3215	3.45587e-06	0.220399	0.151554	0	6.404	3.523	13.119
tree887	-40.715	1e-06	0.166756	0.150363	0	5.641	3.949	14.308
tree888	-44.2669	1e-06	0.189517	0.180797	0	6.425	4.505	14.08
tree889	-43.6209	5.99898e-06	0.162646	0.15982	0	4.971	4.271	15.3
tree890	-42.7509	8.45638e-06	0.238804	9.05791e-05	0	6.368	0	9.632
tree891	-45.8644	1e-06	0.217457	0.205889	0	7.404	4.809	13.405
tree892	-44.2669	1e-06	0.189517	0.180797	0	6.41	4.524	14.114
tree893	-45.3375	0.000180829	0.190931	0.189988	0	5.869	4.811	14.942
tree894	-42.5962	1e-06	0.147976	0.162389	0	4.581	4.287	15.706
tree895	-44.6994	0.000110189	0.186114	0.193221	0.001	6.516	5.091	14.574
tree896	-45.3375	0.000180829	0.190931	0.189988	0.001	5.856	4.918	15.061
tree897	-44.4805	1e-06	0.210145	0.188623	0	6.841	4.401	13.56
tree898	-44.546	1e-06	0.257196	0.147411	0	7.232	2.917	11.685
tree899	-45.0155	1e-06	0.219646	0.194467	0	7.152	4.369	13.217
tree900	-42.5764	1e-06	0.239129	1e-06	0	6.319	0	9.681
tree901	-44.2747	0.000230194	0.26105	0.146903	0	7.32	2.805	11.485
tree902	-45.7825	1e-06	0.234196	0.192852	0	7.498	4.112	12.614
tree903	-44.5407	1e-06	0.23974	0.155877	0	7.354	3.148	11.794
tree904	-45.0155	1e-06	0.219646	0.194467	0	7.237	4.532	13.295
tree905	-45.0155	1e-06	0.219646	0.194467	0	7.188	4.387	13.199
tree906	-43.781	1e-06	0.245603	0.130918	0	6.888	2.772	11.884
tree907	-44.1195	0.000158559	0.248428	0.146499	0	6.991	3.031	12.04
tree908	-45.3116	1e-06	0.220944	0.197655	0	7.197	4.621	13.424
tree909	-43.6985	2.95754e-05	0.198063	0.198347	0.001	7.829	4.822	12.992
tree910	-42.5764	1e-06	0.239129	1e-06	0	6.323	0	9.677
tree911	-44.164	1e-06	0.215633	0.174332	0	6.729	3.966	13.237
tree912	-44.462	1e-06	0.262207	0.149422	0	7.354	3.014	11.66
tree913	-45.1102	1e-06	0.210038	0.197485	0	6.998	4.861	13.863
tree914	-44.164	1e-06	0.215633	0.174332	0	6.713	4.002	13.289
tree915	-44.3215	3.45587e-06	0.220399	0.151554	0	6.355	3.52	13.165
tree916	-42.3112	1e-06	0.149075	0.145093	0	4.535	3.921	15.386
tree917	-42.3112	1e-06	0.149075	0.145093	0	4.515	3.943	15.428
tree918	-43.9573	1e-06	0.188977	0.18812	0	6.623	4.476	13.853
tree919	-44.7853	1e-06	0.220865	0.162126	0	6.392	3.999	13.607
tree920	-44.164	1e-06	0.215633	0.174332	0	6.749	3.992	13.243
tree921	-44.9086	1e-06	0.239814	0.193222	0	7.571	3.924	12.353
tree922	-43.1682	0.000108321	0.222465	0.120336	0	6.277	2.709	12.432
tree923	-44.0855	1e-06	0.252065	0.151022	0	7.183	3.063	11.88
tree924	-45.1102	1e-06	0.210038	0.197485	0	7.004	4.836	13.832
tree925	-45.3402	1e-06	0.232665	0.219802	0	7.909	4.607	12.698
tree926	-44.5284	1e-06	0.214927	0.217437	0	8.415	5.074	12.659
tree927	-44.2747	0.000230194	0.26105	0.146903	0	7.241	2.763	11.522
tree928	-42.5962	1e-06	0.147976	0.162389	0	4.644	4.259	15.615
tree929	-45.9447	1e-06	0.248485	0.205668	0	7.614	4.381	12.767
tree930	-45.9121	5.17643e-05	0.22128	0.19807	0	7.362	4.644	13.282
tree931	-41.1527	1e-06	0.189097	0.0745232	0	6.141	1.258	11.117
tree932	-44.1466	1e-06	0.235702	0.162979	0	7.557	3.039	11.482
tree933	-46.1319	1e-06	0.217389	0.206155	0	6.678	4.675	13.997
tree934	-45.3474	6.55898e-05	0.252352	0.176739	0	7.488	3.782	12.294
tree935	-45.0155	1e-06	0.219646	0.194467	0	7.285	4.407	13.122
tree936	-43.6985	2.95754e-05	0.198063	0.198347	0	7.815	4.859	13.044
tree937	-45.0352	1e-06	0.204001	0.198948	0	6.988	4.912	13.924
tree938	-45.0352	1e-06	0.204001	0.198948	0	6.996	4.976	13.98
tree939	-44.164	1e-06	0.215633	0.174332	0	6.762	3.968	13.206
tree940	-44.2669	1e-06	0.189517	0.180797	0	6.507	4.387	13.88
tree941	-43.8895	8.15718e-06	0.202502	0.197958	0	7.977	4.545	12.568
tree942	-44.9086	1e-06	0.239814	0.193222	0	7.473	3.891	12.418
tree943	-43.781	1e-06	0.245603	0.130918	0	6.962	2.838	11.876
tree944	-45.8644	1e-06	0.217457	0.205889	0	7.239	4.741	13.502
tree945	-45.4267	1e-06	0.218688	0.21015	0	7.118	4.957	13.839
tree946	-40.715	1e-06	0.166756	0.150363	0	5.688	4.018	14.33
tree947	-45.3375	0.000180829	0.190931	0.189988	0	5.84	4.846	15.006
tree948	-42.3112	1e-06	0.149075	0.145093	0	4.534	3.891	15.357
tree949	-45.3116	1e-06	0.220944	0.197655	0	7.135	4.498	13.363
tree950	-44.5048	1.66505e-05	0.269569	0.137393	0	7.477	2.815	11.338
tree951	-41.9682	4.63142e-05	0.180117	0.171484	0	6.567	3.813	13.246
tree952	-44.5407	1e-06	0.23974	0.155877	0	7.422	3.133	11.711
tree953	-44.2669	1e-06	0.189517	0.180797	0	6.467	4.451	13.984
tree954	-44.2669	1e-06	0.189517	0.180797	0	6.413	4.486	14.073
tree955	-44.2669	1e-06	0.189517	0.180797	0	6.468	4.37	13.902
tree956	-45.0155	1e-06	0.219646	0.194467	0	7.24	4.395	13.155
tree957	-44.2669	1e-06	0.189517	0.180797	0	6.358	4.433	14.075
tree958	-42.4202	1e-06	0.158132	0.151104	0	4.755	4.027	15.272
tree959	-42.3112	1e-06	0.149075	0.145093	0	4.49	3.882	15.392
tree960	-44.2669	1e-06	0.189517	0.180797	0	6.337	4.397	14.06
tree961	-45.7825	1e-06	0.234196	0.192852	0	7.594	4.185	12.591
tree962	-44.164	1e-06	0.215633	0.174332	0	6.724	3.98	13.256
tree963	-42.5962	1e-06	0.147976	0.162389	0	4.591	4.227	15.636
tree964	-44.462	1e-06	0.262207	0.149422	0	7.37	2.941	11.571
tree965	-44.2932	1e-06	0.185439	0.195274	0	6.343	5.441	15.098
tree966	-45.0155	1e-06	0.219646	0.194467	0	7.031	4.458	13.427
tree967	-42.5962	1e-06	0.147976	0.162389	0	4.592	4.274	15.682
tree968	-44.164	1e-06	0.215633	0.174332	0	6.799	3.907	13.108
tree969	-44.7044	1e-06	0.22727	0.211917	0	7.053	4.611	13.558
tree970	-44.164	1e-06	0.215633	0.174332	0	6.768	3.953	13.185
tree971	-45.9447	1e-06	0.248485	0.205668	0	7.488	4.274	12.786
tree972	-45.3185	1e-06	0.251699	0.163182	0	7.226	3.583	12.357
tree973	-45.7825	1e-06	0.234196	0.192852	0	7.528	4.24	12.712
tree974	-42.1631	5.35669e-05	0.153883	0.154242	0	4.869	3.973	15.104
tree975	-45.3375	0.000180829	0.190931	0.189988	0.001	5.868	4.886	15.017
tree976	-40.715	1e-06	0.166756	0.150363	0	5.628	3.962	14.334
tree977	-45.3375	0.000180829	0.190931	0.189988	0.001	5.847	4.843	14.995
tree978	-43.1682	0.000108321	0.222465	0.120336	0	6.249	2.734	12.485
tree979	-44.2669	1e-06	0.189517	0.180797	0	6.456	4.599	14.143
tree980	-45.0352	1e-06	0.204001	0.198948	0	6.944	4.755	13.811
tree981	-45.3038	1e-06	0.247784	0.179502	0	7.182	3.874	12.692
tree982	-42.2259	0.00328206	0.165453	0.15368	0.005	4.711	3.766	15.05
tree983	-43.1682	0.000108321	0.222465	0.120336	0	6.291	2.743	12.452
tree984	-49.4055	4.48281e-06	0.250485	0.205626	0	7.321	4.492	13.171
tree985	-45.3375	0.000180829	0.190931	0.189988	0.001	5.842	4.736	14.893
tree986	-45.3116	1e-06	0.220944	0.197655	0	7.14	4.517	13.377
tree987	-45.3375	0.000180829	0.190931	0.189988	0	5.786	4.818	15.032
tree988	-43.5952	0.000153764	0.248836	0.154794	0	6.884	3.207	12.323
tree989	-45.3116	1e-06	0.220944	0.197655	0	7.117	4.53	13.413
tree990	-44.2669	1e-06	0.189517	0.180797	0	6.402	4.414	14.012
tree991	-44.0729	2.62126e-05	0.250602	0.125561	0	6.995	2.689	11.694
tree992	-46.447	2.46085e-05	0.263494	0.215621	0	7.99	4.164	12.174
tree993	-45.3116	1e-06	0.220944	0.197655	0	7.128	4.501	13.373
tree994	-43.781	1e-06	0.245603	0.130918	0	6.904	2.787	11.883
tree995	-45.0155	1e-06	0.219646	0.194467	0	7.107	4.43	13.323
tree996	-44.2669	1e-06	0.189517	0.180797	0	6.429	4.484	14.055
tree997	-43.5257	1e-06	0.211311	0.141988	0	6.08	3.317	13.237
tree998	-45.0155	1e-06	0.219646	0.194467	0	7.102	4.449	13.347
tree999	-43.5952	0.000153764	0.248836	0.154794	0	6.913	3.081	12.168
