SpTree	logl	delta	tau	lambda	duplications	transfers	losses	speciations
tree0	-65.787	0.300555	0	0.788054	6.487	0	29.378	38.891
tree1	-64.0271	0.285467	0	0.758085	6.407	0	27.645	37.238
tree2	-71.4679	0.317876	0	0.835331	7.403	0	32.95	41.547
tree3	-72.911	0.317293	0	0.847886	7.422	0	33.942	42.52
tree4	-65.8073	0.281707	0	0.760745	6.394	0	28.581	38.187
tree5	-75.5336	0.314929	0	0.859145	7.455	0	36.355	44.9
tree6	-65.8073	0.281707	0	0.760745	6.37	0	28.575	38.205
tree7	-73.2108	0.315562	0	0.837696	7.436	0	34.027	42.591
tree8	-71.5648	0.312636	0	0.831769	7.407	0	32.897	41.49
tree9	-65.8073	0.281707	0	0.760745	6.426	0	28.668	38.242
tree10	-72.2549	0.32478	0	0.849832	7.448	0	34.394	42.946
tree11	-65.9474	0.282478	0	0.760809	6.415	0	28.694	38.279
tree12	-67.6379	0.293738	0	0.780525	6.618	0	29.802	39.184
tree13	-68.6666	0.317659	0	0.819833	7.425	0	30.961	39.536
tree14	-70.6211	0.316865	0	0.822041	7.392	0	31.828	40.436
tree15	-71.9439	0.312326	0	0.827731	7.4	0	32.848	41.448
tree16	-67.5357	0.276968	0	0.76792	6.448	0	29.659	39.211
tree17	-62.7886	0.288429	0	0.751806	6.393	0	26.555	36.162
tree18	-64.4759	0.282386	0	0.752647	6.415	0	27.61	37.195
tree19	-70.1679	0.317286	0	0.827359	7.438	0	31.938	40.5
tree20	-66.1082	0.28125	0	0.760194	6.378	0	28.534	38.156
tree21	-71.8614	0.314764	0	0.829878	7.41	0	32.906	41.496
tree22	-65.9729	0.279646	0	0.757232	6.389	0	28.57	38.181
tree23	-65.8073	0.281707	0	0.760745	6.403	0	28.59	38.187
tree24	-69.7656	0.324814	0	0.840727	7.437	0	32.067	40.63
tree25	-71.5597	0.324325	0	0.867261	7.477	0	34.571	43.094
tree26	-73.2108	0.315562	0	0.837696	7.429	0	33.937	42.508
tree27	-68.9716	0.330195	0	0.849076	7.485	0	32.508	41.023
tree28	-75.9078	0.316496	0	0.856849	7.414	0	36.207	44.793
tree29	-65.8073	0.281707	0	0.760745	6.349	0	28.481	38.132
tree30	-72.4823	0.292255	0	0.809799	6.517	0	33.526	43.009
tree31	-64.6368	0.256217	0	0.731882	5.443	0	28.377	38.934
tree32	-70.2349	0.298668	0	0.785402	6.93	0	30.301	39.371
tree33	-71.9439	0.312326	0	0.827731	7.359	0	32.755	41.396
tree34	-67.3318	0.299006	0	0.792975	6.612	0	29.802	39.19
tree35	-72.7866	0.289094	0	0.802897	6.488	0	33.376	42.888
tree36	-66.1082	0.28125	0	0.760194	6.412	0	28.555	38.143
tree37	-67.2179	0.299944	0	0.799118	6.513	0	30.486	39.973
tree38	-72.246	0.309471	0	0.818562	7.388	0	32.808	41.42
tree39	-70.5925	0.314418	0	0.821868	7.384	0	31.839	40.455
tree40	-66.1044	0.28125	0	0.760194	6.397	0	28.547	38.15
tree41	-69.7656	0.324814	0	0.840727	7.472	0	32.136	40.664
tree42	-64.3106	0.308204	0	0.794051	6.555	0	28.597	38.042
tree43	-68.6666	0.317659	0	0.819833	7.416	0	31.008	39.592
tree44	-72.1026	0.312067	0	0.82575	7.436	0	33.068	41.632
tree45	-65.4756	0.287161	0	0.773267	6.436	0	28.711	38.275
tree46	-64.1458	0.285757	0	0.754187	6.435	0	27.716	37.281
tree47	-71.9439	0.312326	0	0.827731	7.388	0	32.874	41.486
tree48	-66.3029	0.280702	0	0.758245	6.402	0	28.584	38.182
tree49	-57.8002	0.250189	0	0.682855	5.415	0	23.291	33.876
tree50	-71.8679	0.314764	0	0.829878	7.372	0	32.785	41.413
tree51	-66.2321	0.278753	0	0.757338	6.424	0	28.627	38.203
tree52	-68.6666	0.317659	0	0.819833	7.435	0	30.889	39.454
tree53	-65.7774	0.283197	0	0.763737	6.414	0	28.609	38.195
tree54	-64.1458	0.285757	0	0.754187	6.438	0	27.63	37.192
tree55	-64.1458	0.285757	0	0.754187	6.443	0	27.682	37.239
tree56	-73.5295	0.31561	0	0.834562	7.402	0	33.841	42.439
tree57	-67.2179	0.299944	0	0.799118	6.528	0	30.537	40.009
tree58	-62.0894	0.291487	0	0.76261	6.498	0	26.944	36.446
tree59	-73.7388	0.310806	0	0.826914	7.385	0	33.792	42.407
tree60	-65.8073	0.281707	0	0.760745	6.394	0	28.649	38.255
tree61	-73.2108	0.315562	0	0.837696	7.411	0	33.894	42.483
tree62	-71.8679	0.314764	0	0.829878	7.394	0	32.85	41.456
tree63	-65.7774	0.283197	0	0.763737	6.403	0	28.585	38.182
tree64	-71.9439	0.312326	0	0.827731	7.403	0	32.989	41.586
tree65	-62.7886	0.288429	0	0.751806	6.457	0	26.708	36.251
tree66	-65.7774	0.283197	0	0.763737	6.387	0	28.535	38.148
tree67	-67.3318	0.299006	0	0.792975	6.685	0	29.999	39.314
tree68	-66.1082	0.28125	0	0.760194	6.34	0	28.429	38.089
tree69	-62.425	0.287484	0	0.753561	6.459	0	26.788	36.329
tree70	-69.0013	0.321986	0	0.821779	7.396	0	30.842	39.446
tree71	-66.1082	0.28125	0	0.760194	6.39	0	28.55	38.16
tree72	-66.1082	0.28125	0	0.760194	6.405	0	28.599	38.194
tree73	-72.4823	0.292255	0	0.809799	6.487	0	33.411	42.924
tree74	-73.2108	0.315562	0	0.837696	7.421	0	33.959	42.538
tree75	-73.2108	0.315562	0	0.837696	7.426	0	33.996	42.57
tree76	-62.425	0.287484	0	0.753561	6.436	0	26.767	36.331
tree77	-62.0894	0.291487	0	0.76261	6.474	0	26.865	36.391
tree78	-71.5597	0.324325	0	0.867261	7.498	0	34.558	43.06
tree79	-65.7739	0.278762	0	0.75647	6.377	0	28.539	38.162
tree80	-72.911	0.317293	0	0.847886	7.421	0	34.015	42.594
tree81	-72.911	0.317293	0	0.847886	7.433	0	34	42.567
tree82	-71.8679	0.314764	0	0.829878	7.373	0	32.89	41.517
tree83	-71.9439	0.312326	0	0.827731	7.433	0	32.987	41.554
tree84	-62.425	0.287484	0	0.753561	6.474	0	26.814	36.34
tree85	-67.3318	0.299006	0	0.792975	6.609	0	29.806	39.197
tree86	-71.9439	0.312326	0	0.827731	7.388	0	32.95	41.562
tree87	-66.3045	0.25354	0	0.734434	5.448	0	29.285	39.837
tree88	-62.425	0.287484	0	0.753561	6.46	0	26.749	36.289
tree89	-71.8687	0.326536	0	0.858883	7.445	0	34.425	42.98
tree90	-72.0568	0.307985	0	0.823439	7.392	0	32.792	41.4
tree91	-71.5648	0.312636	0	0.831769	7.385	0	32.803	41.418
tree92	-69.7656	0.324814	0	0.840727	7.488	0	32.201	40.713
tree93	-72.7866	0.289094	0	0.802897	6.476	0	33.362	42.886
tree94	-64.8068	0.298255	0	0.762447	6.594	0	27.78	37.186
tree95	-72.911	0.317293	0	0.847886	7.399	0	33.898	42.499
tree96	-73.2108	0.315562	0	0.837696	7.419	0	34	42.581
tree97	-73.2108	0.315562	0	0.837696	7.429	0	34.004	42.575
tree98	-71.9439	0.312326	0	0.827731	7.344	0	32.754	41.41
tree99	-66.1082	0.28125	0	0.760194	6.367	0	28.478	38.111
tree100	-72.4823	0.292255	0	0.809799	6.504	0	33.466	42.962
tree101	-72.7867	0.289094	0	0.802897	6.505	0	33.422	42.917
tree102	-65.8073	0.281707	0	0.760745	6.372	0	28.522	38.15
tree103	-73.23	0.315139	0	0.83996	7.388	0	33.875	42.487
tree104	-71.5648	0.312636	0	0.831769	7.41	0	32.889	41.479
tree105	-72.7397	0.339689	0	0.854912	7.98	0	32.817	40.837
tree106	-64.3664	0.300412	0	0.800205	6.448	0	29.059	38.611
tree107	-73.2108	0.315562	0	0.837696	7.386	0	33.891	42.505
tree108	-68.9389	0.279527	0	0.773923	6.362	0	30.813	40.451
tree109	-73.23	0.315139	0	0.83996	7.411	0	33.944	42.533
tree110	-65.7202	0.285628	0	0.768588	6.406	0	28.666	38.26
tree111	-73.2108	0.315562	0	0.837696	7.372	0	33.9	42.528
tree112	-71.8687	0.326536	0	0.858883	7.451	0	34.446	42.995
tree113	-66.1082	0.28125	0	0.760194	6.391	0	28.534	38.143
tree114	-65.8073	0.281707	0	0.760745	6.417	0	28.604	38.187
tree115	-71.9425	0.324979	0	0.857822	7.456	0	34.485	43.029
tree116	-67.8353	0.295316	0	0.783743	6.61	0	29.794	39.184
tree117	-64.3272	0.282401	0	0.750493	6.373	0	27.506	37.133
tree118	-64.0271	0.285467	0	0.758085	6.417	0	27.611	37.194
tree119	-71.5597	0.324325	0	0.867261	7.476	0	34.513	43.037
tree120	-73.2108	0.315562	0	0.837696	7.372	0	33.884	42.512
tree121	-67.3318	0.299006	0	0.792975	6.678	0	29.962	39.284
tree122	-71.9439	0.312326	0	0.827731	7.403	0	32.936	41.533
tree123	-73.5251	0.310607	0	0.831267	7.4	0	33.903	42.503
tree124	-70.6211	0.316865	0	0.822041	7.389	0	31.801	40.412
tree125	-65.8073	0.281707	0	0.760745	6.409	0	28.601	38.192
tree126	-62.7423	0.284905	0	0.745684	6.439	0	27.02	36.581
tree127	-65.7774	0.283197	0	0.763737	6.385	0	28.531	38.146
tree128	-65.8073	0.281707	0	0.760745	6.42	0	28.634	38.214
tree129	-71.8679	0.314764	0	0.829878	7.387	0	32.769	41.382
tree130	-66.3029	0.280702	0	0.758245	6.395	0	28.541	38.146
tree131	-68.4189	0.322247	0	0.825735	7.391	0	30.857	39.466
tree132	-63.5977	0.308563	0	0.794851	6.699	0	28.069	37.37
tree133	-75.5341	0.314929	0	0.859145	7.403	0	36.263	44.86
tree134	-72.911	0.317293	0	0.847886	7.376	0	33.842	42.466
tree135	-72.4338	0.310551	0	0.821257	7.371	0	32.756	41.385
tree136	-73.2108	0.315562	0	0.837696	7.434	0	33.935	42.501
tree137	-62.425	0.287484	0	0.753561	6.46	0	26.818	36.358
tree138	-66.9372	0.303599	0	0.805285	6.538	0	30.514	39.976
tree139	-67.5215	0.300177	0	0.795739	6.48	0	30.365	39.885
tree140	-72.246	0.309471	0	0.818562	7.356	0	32.778	41.422
tree141	-64.4759	0.282386	0	0.752647	6.38	0	27.523	37.143
tree142	-65.9729	0.279646	0	0.757232	6.395	0	28.604	38.209
tree143	-65.8073	0.281707	0	0.760745	6.403	0	28.605	38.202
tree144	-72.911	0.317293	0	0.847886	7.435	0	34.068	42.633
tree145	-71.9439	0.312326	0	0.827731	7.384	0	32.805	41.421
tree146	-71.9439	0.312326	0	0.827731	7.445	0	33.009	41.564
tree147	-72.2549	0.32478	0	0.849832	7.412	0	34.372	42.96
tree148	-71.5648	0.312636	0	0.831769	7.387	0	32.869	41.482
tree149	-71.9439	0.312326	0	0.827731	7.408	0	32.815	41.407
tree150	-72.4338	0.310551	0	0.821257	7.377	0	32.797	41.42
tree151	-64.4471	0.284962	0	0.753133	6.358	0	27.497	37.139
tree152	-72.24	0.309471	0	0.818562	7.369	0	32.88	41.511
tree153	-70.1679	0.317286	0	0.827359	7.407	0	31.978	40.571
tree154	-71.5648	0.312636	0	0.831769	7.366	0	32.845	41.479
tree155	-72.246	0.309471	0	0.818562	7.397	0	32.889	41.492
tree156	-75.5341	0.314929	0	0.859145	7.434	0	36.278	44.844
tree157	-64.0271	0.285467	0	0.758085	6.391	0	27.551	37.16
tree158	-72.2253	0.2956	0	0.811176	6.514	0	33.476	42.962
tree159	-72.246	0.309471	0	0.818562	7.35	0	32.735	41.385
tree160	-68.2858	0.322944	0	0.828129	7.42	0	30.94	39.52
tree161	-67.5384	0.254219	0	0.747602	5.476	0	30.443	40.967
tree162	-73.2108	0.315562	0	0.837696	7.404	0	33.957	42.553
tree163	-64.2147	0.254041	0	0.727244	5.462	0	28.044	38.582
tree164	-71.5648	0.312636	0	0.831769	7.372	0	32.853	41.481
tree165	-72.246	0.309471	0	0.818562	7.388	0	32.822	41.434
tree166	-67.6229	0.252606	0	0.743797	5.466	0	30.367	40.901
tree167	-65.8073	0.281707	0	0.760745	6.413	0	28.651	38.238
tree168	-65.8073	0.281707	0	0.760745	6.384	0	28.58	38.196
tree169	-62.425	0.287484	0	0.753561	6.42	0	26.72	36.3
tree170	-65.8073	0.281707	0	0.760745	6.385	0	28.582	38.197
tree171	-69.1226	0.277651	0	0.77108	6.395	0	30.888	40.493
tree172	-65.8073	0.281707	0	0.760745	6.431	0	28.682	38.251
tree173	-71.9439	0.312326	0	0.827731	7.403	0	32.896	41.493
tree174	-65.7774	0.283197	0	0.763737	6.403	0	28.544	38.141
tree175	-67.3318	0.299006	0	0.792975	6.634	0	29.889	39.255
tree176	-73.23	0.315139	0	0.83996	7.374	0	33.895	42.521
tree177	-67.2416	0.298836	0	0.797853	6.495	0	30.414	39.919
tree178	-71.8679	0.314764	0	0.829878	7.382	0	32.815	41.433
tree179	-68.9716	0.330195	0	0.849076	7.441	0	32.416	40.975
tree180	-73.23	0.315139	0	0.83996	7.392	0	33.855	42.463
tree181	-66.9372	0.303599	0	0.805285	6.563	0	30.65	40.087
tree182	-73.0012	0.322995	0	0.85092	7.421	0	34.21	42.789
tree183	-71.8679	0.314764	0	0.829878	7.392	0	32.849	41.457
tree184	-69.8677	0.319594	0	0.833463	7.383	0	31.835	40.452
tree185	-66.2321	0.278753	0	0.757338	6.375	0	28.547	38.172
tree186	-73.2108	0.315562	0	0.837696	7.406	0	33.925	42.519
tree187	-64.2122	0.303338	0	0.78226	6.666	0	28.002	37.336
tree188	-72.246	0.309471	0	0.818562	7.356	0	32.812	41.456
tree189	-71.9425	0.324979	0	0.857822	7.466	0	34.484	43.018
tree190	-72.246	0.309471	0	0.818562	7.388	0	32.796	41.408
tree191	-65.5792	0.289438	0	0.777345	6.444	0	28.933	38.489
tree192	-62.7287	0.290318	0	0.748295	6.421	0	26.67	36.249
tree193	-72.246	0.309471	0	0.818562	7.381	0	32.852	41.471
tree194	-73.2108	0.315562	0	0.837696	7.358	0	33.828	42.47
tree195	-66.1082	0.28125	0	0.760194	6.41	0	28.623	38.213
tree196	-66.1082	0.28125	0	0.760194	6.39	0	28.558	38.168
tree197	-61.3679	0.253489	0	0.708335	5.559	0	25.768	36.209
tree198	-72.2549	0.32478	0	0.849832	7.456	0	34.458	43.002
tree199	-72.246	0.309471	0	0.818562	7.376	0	32.832	41.456
tree200	-69.8677	0.319594	0	0.833463	7.385	0	31.908	40.523
tree201	-62.7886	0.288429	0	0.751806	6.438	0	26.716	36.278
tree202	-66.1044	0.28125	0	0.760194	6.36	0	28.465	38.105
tree203	-69.4634	0.323211	0	0.84292	7.513	0	32.313	40.8
tree204	-65.9009	0.303999	0	0.794087	6.508	0	29.441	38.933
tree205	-72.911	0.317293	0	0.847886	7.421	0	33.897	42.476
tree206	-65.5396	0.284722	0	0.768439	6.411	0	28.928	38.517
tree207	-70.7089	0.344766	0	0.838672	7.429	0	32.083	40.654
tree208	-69.7656	0.324814	0	0.840727	7.469	0	32.184	40.715
tree209	-66.0984	0.2536	0	0.735495	5.453	0	29.307	39.854
tree210	-71.9439	0.312326	0	0.827731	7.395	0	32.843	41.448
tree211	-71.5171	0.284388	0	0.801241	6.423	0	33.301	42.878
tree212	-65.8073	0.281707	0	0.760745	6.418	0	28.636	38.218
tree213	-71.8719	0.323758	0	0.861336	7.464	0	34.47	43.006
tree214	-72.246	0.309471	0	0.818562	7.376	0	32.795	41.419
tree215	-62.4574	0.289792	0	0.757673	6.417	0	26.611	36.194
tree216	-70.6307	0.327676	0	0.856483	7.41	0	33.339	41.929
tree217	-71.5648	0.312636	0	0.831769	7.418	0	32.932	41.514
tree218	-69.4634	0.323211	0	0.84292	7.441	0	32.085	40.644
tree219	-66.3045	0.25354	0	0.734434	5.435	0	29.272	39.837
tree220	-69.3699	0.310409	0	0.793707	7.361	0	30.757	39.396
tree221	-64.4759	0.282386	0	0.752647	6.39	0	27.546	37.156
tree222	-65.8073	0.281707	0	0.760745	6.395	0	28.571	38.176
tree223	-65.4756	0.287161	0	0.773267	6.446	0	28.749	38.303
tree224	-65.4756	0.287161	0	0.773267	6.392	0	28.584	38.192
tree225	-62.425	0.287484	0	0.753561	6.455	0	26.79	36.335
tree226	-63.9522	0.309378	0	0.803225	6.62	0	28.794	38.174
tree227	-66.1082	0.28125	0	0.760194	6.384	0	28.499	38.115
tree228	-72.2549	0.32478	0	0.849832	7.434	0	34.4	42.966
tree229	-71.9425	0.324979	0	0.857822	7.478	0	34.517	43.039
tree230	-67.6241	0.300177	0	0.795739	6.504	0	30.44	39.936
tree231	-63.0055	0.285727	0	0.743862	6.401	0	26.69	36.289
tree232	-71.9439	0.312326	0	0.827731	7.397	0	32.93	41.533
tree233	-71.9425	0.324979	0	0.857822	7.466	0	34.451	42.985
tree234	-62.7886	0.288429	0	0.751806	6.39	0	26.521	36.131
tree235	-65.9729	0.279646	0	0.757232	6.384	0	28.487	38.103
tree236	-71.9439	0.312326	0	0.827731	7.401	0	32.882	41.481
tree237	-65.8073	0.281707	0	0.760745	6.432	0	28.67	38.238
tree238	-65.8073	0.281707	0	0.760745	6.382	0	28.571	38.189
tree239	-67.7003	0.2991	0	0.794762	6.459	0	30.362	39.903
tree240	-65.8409	0.276605	0	0.753571	6.379	0	28.9	38.521
tree241	-71.4679	0.317876	0	0.835331	7.373	0	32.863	41.49
tree242	-66.1082	0.28125	0	0.760194	6.413	0	28.574	38.161
tree243	-63.9522	0.309378	0	0.803225	6.548	0	28.626	38.078
tree244	-71.9439	0.312326	0	0.827731	7.41	0	32.919	41.509
tree245	-65.8073	0.281707	0	0.760745	6.415	0	28.618	38.203
tree246	-65.8073	0.281707	0	0.760745	6.426	0	28.63	38.204
tree247	-71.9439	0.312326	0	0.827731	7.358	0	32.779	41.421
tree248	-66.1082	0.28125	0	0.760194	6.381	0	28.486	38.105
tree249	-72.246	0.309471	0	0.818562	7.367	0	32.808	41.441
tree250	-73.2108	0.315562	0	0.837696	7.399	0	33.935	42.536
tree251	-65.8073	0.281707	0	0.760745	6.392	0	28.567	38.175
tree252	-71.9425	0.324979	0	0.857822	7.455	0	34.476	43.021
tree253	-65.8073	0.281707	0	0.760745	6.414	0	28.614	38.2
tree254	-73.2108	0.315562	0	0.837696	7.376	0	33.878	42.502
tree255	-72.246	0.309471	0	0.818562	7.391	0	32.86	41.469
tree256	-65.8073	0.281707	0	0.760745	6.378	0	28.509	38.131
tree257	-65.4756	0.287161	0	0.773267	6.422	0	28.621	38.199
tree258	-59.5686	0.256498	0	0.704582	5.53	0	24.72	35.19
tree259	-69.4634	0.323211	0	0.84292	7.45	0	32.155	40.705
tree260	-71.9439	0.312326	0	0.827731	7.354	0	32.787	41.433
tree261	-66.1082	0.28125	0	0.760194	6.378	0	28.475	38.097
tree262	-73.2108	0.315562	0	0.837696	7.412	0	33.919	42.507
tree263	-65.4756	0.287161	0	0.773267	6.471	0	28.745	38.274
tree264	-71.9425	0.324979	0	0.857822	7.477	0	34.548	43.071
tree265	-64.4759	0.282386	0	0.752647	6.39	0	27.578	37.188
tree266	-65.8073	0.281707	0	0.760745	6.395	0	28.624	38.229
tree267	-71.5648	0.312636	0	0.831769	7.394	0	32.899	41.505
tree268	-72.246	0.309471	0	0.818562	7.352	0	32.685	41.333
tree269	-71.4679	0.317876	0	0.835331	7.404	0	32.933	41.529
tree270	-65.8073	0.281707	0	0.760745	6.372	0	28.555	38.183
tree271	-66.9908	0.298602	0	0.795833	6.669	0	29.96	39.291
tree272	-76.2112	0.311404	0	0.847744	7.384	0	36.178	44.794
tree273	-71.9439	0.312326	0	0.827731	7.366	0	32.778	41.412
tree274	-73.2108	0.315562	0	0.837696	7.398	0	33.927	42.529
tree275	-65.8073	0.281707	0	0.760745	6.41	0	28.601	38.191
tree276	-71.8614	0.314764	0	0.829878	7.443	0	32.984	41.541
tree277	-62.425	0.287484	0	0.753561	6.446	0	26.786	36.34
tree278	-73.2108	0.315562	0	0.837696	7.399	0	33.928	42.529
tree279	-65.8073	0.281707	0	0.760745	6.411	0	28.576	38.165
tree280	-73.23	0.315139	0	0.83996	7.411	0	33.913	42.502
tree281	-73.2108	0.315562	0	0.837696	7.37	0	33.888	42.518
tree282	-67.8353	0.295316	0	0.783743	6.622	0	29.799	39.177
tree283	-65.4756	0.287161	0	0.773267	6.408	0	28.608	38.2
tree284	-65.944	0.254285	0	0.740772	5.455	0	29.333	39.878
tree285	-71.9439	0.312326	0	0.827731	7.402	0	32.805	41.403
tree286	-71.5648	0.312636	0	0.831769	7.367	0	32.786	41.419
tree287	-74.3947	0.322277	0	0.860391	7.471	0	35.424	43.953
tree288	-73.2108	0.315562	0	0.837696	7.389	0	33.917	42.528
tree289	-71.9439	0.312326	0	0.827731	7.396	0	32.875	41.479
tree290	-71.9425	0.324979	0	0.857822	7.474	0	34.513	43.039
tree291	-73.5295	0.31561	0	0.834562	7.371	0	33.85	42.479
tree292	-71.5648	0.312636	0	0.831769	7.388	0	32.851	41.463
tree293	-65.4756	0.287161	0	0.773267	6.423	0	28.656	38.233
tree294	-65.7774	0.283197	0	0.763737	6.438	0	28.707	38.269
tree295	-72.246	0.309471	0	0.818562	7.396	0	32.865	41.469
tree296	-72.0568	0.307985	0	0.823439	7.367	0	32.772	41.405
tree297	-65.4756	0.287161	0	0.773267	6.417	0	28.595	38.178
tree298	-71.9439	0.312326	0	0.827731	7.389	0	32.841	41.452
tree299	-66.1044	0.28125	0	0.760194	6.374	0	28.546	38.172
tree300	-71.5597	0.324325	0	0.867261	7.425	0	34.391	42.966
tree301	-71.9439	0.312326	0	0.827731	7.368	0	32.813	41.445
tree302	-75.9076	0.316496	0	0.856849	7.447	0	36.348	44.901
tree303	-65.4756	0.287161	0	0.773267	6.374	0	28.563	38.189
tree304	-71.5597	0.324325	0	0.867261	7.464	0	34.537	43.073
tree305	-67.9157	0.248237	0	0.733672	5.395	0	30.163	40.768
tree306	-65.8073	0.281707	0	0.760745	6.4	0	28.575	38.175
tree307	-75.9076	0.316496	0	0.856849	7.426	0	36.278	44.852
tree308	-58.1161	0.255462	0	0.689117	5.43	0	23.38	33.95
tree309	-72.4823	0.292255	0	0.809799	6.538	0	33.562	43.024
tree310	-62.425	0.287484	0	0.753561	6.458	0	26.829	36.371
tree311	-73.2108	0.315562	0	0.837696	7.406	0	33.917	42.511
tree312	-72.911	0.317293	0	0.847886	7.421	0	33.989	42.568
tree313	-71.9425	0.324979	0	0.857822	7.441	0	34.408	42.967
tree314	-62.6918	0.285	0	0.7375	6.409	0	26.682	36.273
tree315	-65.6373	0.30009	0	0.785558	6.645	0	28.893	38.248
tree316	-65.4756	0.287161	0	0.773267	6.444	0	28.783	38.339
tree317	-69.1429	0.330082	0	0.851155	7.451	0	32.466	41.015
tree318	-70.4402	0.313542	0	0.820769	7.365	0	31.8	40.435
tree319	-65.8073	0.281707	0	0.760745	6.394	0	28.611	38.217
tree320	-67.7256	0.280779	0	0.766217	6.402	0	29.618	39.216
tree321	-62.5235	0.285999	0	0.749859	6.378	0	26.878	36.5
tree322	-65.8073	0.281707	0	0.760745	6.382	0	28.579	38.197
tree323	-72.911	0.317293	0	0.847886	7.427	0	34.009	42.582
tree324	-71.8679	0.314764	0	0.829878	7.375	0	32.798	41.423
tree325	-67.6229	0.252606	0	0.743797	5.467	0	30.37	40.903
tree326	-76.2112	0.311404	0	0.847744	7.405	0	36.197	44.792
tree327	-70.6211	0.316865	0	0.822041	7.428	0	31.936	40.508
tree328	-66.9372	0.303599	0	0.805285	6.543	0	30.549	40.006
tree329	-65.8073	0.281707	0	0.760745	6.397	0	28.576	38.179
tree330	-66.3029	0.280702	0	0.758245	6.4	0	28.509	38.109
tree331	-70.1679	0.317286	0	0.827359	7.419	0	31.919	40.5
tree332	-74.1162	0.317727	0	0.855097	7.425	0	35.304	43.879
tree333	-72.1026	0.312067	0	0.82575	7.383	0	32.82	41.437
tree334	-68.2806	0.290122	0	0.798734	6.475	0	31.508	41.033
tree335	-65.9543	0.292031	0	0.776562	6.428	0	28.784	38.356
tree336	-62.7886	0.288429	0	0.751806	6.404	0	26.581	36.177
tree337	-62.453	0.289792	0	0.757673	6.399	0	26.606	36.207
tree338	-72.3637	0.309471	0	0.818562	7.388	0	32.846	41.458
tree339	-73.23	0.315139	0	0.83996	7.371	0	33.847	42.476
tree340	-66.1082	0.28125	0	0.760194	6.388	0	28.539	38.151
tree341	-68.8125	0.316594	0	0.813409	7.421	0	30.971	39.55
tree342	-65.8073	0.281707	0	0.760745	6.415	0	28.612	38.197
tree343	-72.246	0.309471	0	0.818562	7.385	0	32.843	41.458
tree344	-73.2108	0.315562	0	0.837696	7.348	0	33.777	42.429
tree345	-66.9908	0.298602	0	0.795833	6.654	0	29.925	39.271
tree346	-71.5648	0.312636	0	0.831769	7.397	0	32.829	41.432
tree347	-69.0626	0.279527	0	0.773923	6.403	0	30.864	40.461
tree348	-73.2108	0.315562	0	0.837696	7.44	0	34.042	42.602
tree349	-72.911	0.317293	0	0.847886	7.439	0	34.02	42.581
tree350	-73.2108	0.315562	0	0.837696	7.421	0	33.918	42.497
tree351	-71.5648	0.312636	0	0.831769	7.377	0	32.879	41.502
tree352	-65.8073	0.281707	0	0.760745	6.418	0	28.633	38.215
tree353	-72.911	0.317293	0	0.847886	7.418	0	33.997	42.579
tree354	-65.8073	0.281707	0	0.760745	6.405	0	28.638	38.233
tree355	-67.2179	0.299944	0	0.799118	6.497	0	30.45	39.953
tree356	-71.4679	0.317876	0	0.835331	7.455	0	33.062	41.607
tree357	-73.2108	0.315562	0	0.837696	7.432	0	33.978	42.546
tree358	-67.2179	0.299944	0	0.799118	6.522	0	30.482	39.96
tree359	-63.2674	0.284203	0	0.739138	6.385	0	26.602	36.217
tree360	-62.4574	0.289792	0	0.757673	6.416	0	26.583	36.167
tree361	-72.246	0.309471	0	0.818562	7.385	0	32.826	41.441
tree362	-67.2179	0.299944	0	0.799118	6.496	0	30.452	39.956
tree363	-65.3864	0.288079	0	0.77652	6.451	0	28.795	38.344
tree364	-67.7003	0.2991	0	0.794762	6.515	0	30.493	39.978
tree365	-72.911	0.317293	0	0.847886	7.426	0	33.947	42.521
tree366	-64.4471	0.284962	0	0.753133	6.403	0	27.574	37.171
tree367	-66.8604	0.313198	0	0.804517	7.383	0	29.876	38.493
tree368	-73.2108	0.315562	0	0.837696	7.425	0	33.982	42.557
tree369	-69.0013	0.321986	0	0.821779	7.396	0	30.873	39.477
tree370	-65.8073	0.281707	0	0.760745	6.413	0	28.65	38.237
tree371	-65.8073	0.281707	0	0.760745	6.4	0	28.626	38.226
tree372	-65.7774	0.283197	0	0.763737	6.405	0	28.56	38.155
tree373	-64.661	0.286513	0	0.754377	6.455	0	27.635	37.18
tree374	-70.4084	0.317473	0	0.823671	7.431	0	32.01	40.579
tree375	-71.8679	0.314764	0	0.829878	7.383	0	32.874	41.491
tree376	-73.2108	0.315562	0	0.837696	7.452	0	34.048	42.596
tree377	-72.246	0.309471	0	0.818562	7.415	0	32.891	41.476
tree378	-66.1082	0.28125	0	0.760194	6.381	0	28.539	38.158
tree379	-62.4574	0.289792	0	0.757673	6.404	0	26.604	36.2
tree380	-64.3272	0.282401	0	0.750493	6.401	0	27.588	37.187
tree381	-69.0013	0.321986	0	0.821779	7.409	0	30.853	39.444
tree382	-72.4823	0.292255	0	0.809799	6.48	0	33.39	42.91
tree383	-74.3918	0.322277	0	0.860391	7.402	0	35.221	43.819
tree384	-76.2112	0.311404	0	0.847744	7.436	0	36.309	44.873
tree385	-66.1044	0.28125	0	0.760194	6.391	0	28.528	38.137
tree386	-67.4157	0.252799	0	0.747452	5.425	0	30.276	40.851
tree387	-70.028	0.321751	0	0.836225	7.446	0	32.049	40.603
tree388	-72.911	0.317293	0	0.847886	7.429	0	33.989	42.56
tree389	-67.2179	0.299944	0	0.799118	6.492	0	30.464	39.972
tree390	-72.246	0.309471	0	0.818562	7.384	0	32.814	41.43
tree391	-68.795	0.279805	0	0.780008	6.396	0	30.887	40.491
tree392	-65.8073	0.281707	0	0.760745	6.411	0	28.593	38.182
tree393	-68.6666	0.317659	0	0.819833	7.419	0	30.994	39.575
tree394	-66.1082	0.28125	0	0.760194	6.37	0	28.48	38.11
tree395	-64.4471	0.284962	0	0.753133	6.371	0	27.511	37.14
tree396	-69.8631	0.322275	0	0.835366	7.421	0	31.986	40.565
tree397	-67.6229	0.252606	0	0.743797	5.437	0	30.257	40.82
tree398	-65.7774	0.283197	0	0.763737	6.372	0	28.519	38.147
tree399	-65.7774	0.283197	0	0.763737	6.396	0	28.575	38.179
tree400	-65.4756	0.287161	0	0.773267	6.423	0	28.665	38.242
tree401	-65.8073	0.281707	0	0.760745	6.39	0	28.599	38.209
tree402	-58.1016	0.248214	0	0.676789	5.352	0	23.093	33.741
tree403	-64.1165	0.286124	0	0.758659	6.426	0	27.676	37.25
tree404	-63.6702	0.312053	0	0.80518	6.604	0	28.759	38.155
tree405	-71.5648	0.312636	0	0.831769	7.406	0	32.902	41.496
tree406	-75.9076	0.316496	0	0.856849	7.423	0	36.24	44.817
tree407	-68.6228	0.32253	0	0.823696	7.432	0	31.022	39.59
tree408	-66.1082	0.28125	0	0.760194	6.397	0	28.536	38.139
tree409	-73.2108	0.315562	0	0.837696	7.423	0	33.964	42.541
tree410	-71.8633	0.311197	0	0.826043	7.387	0	32.862	41.475
tree411	-62.7886	0.288429	0	0.751806	6.4	0	26.588	36.188
tree412	-71.8997	0.320322	0	0.831141	7.404	0	32.955	41.551
tree413	-65.8073	0.281707	0	0.760745	6.431	0	28.673	38.242
tree414	-66.1082	0.28125	0	0.760194	6.385	0	28.585	38.2
tree415	-65.8073	0.281707	0	0.760745	6.402	0	28.596	38.194
tree416	-65.4756	0.287161	0	0.773267	6.427	0	28.657	38.23
tree417	-66.1044	0.28125	0	0.760194	6.412	0	28.636	38.224
tree418	-71.5597	0.324325	0	0.867261	7.447	0	34.466	43.019
tree419	-71.9439	0.312326	0	0.827731	7.414	0	32.902	41.488
tree420	-72.246	0.309471	0	0.818562	7.368	0	32.823	41.455
tree421	-65.8073	0.281707	0	0.760745	6.402	0	28.628	38.226
tree422	-65.8409	0.276605	0	0.753571	6.371	0	28.899	38.528
tree423	-65.8073	0.281707	0	0.760745	6.374	0	28.518	38.144
tree424	-75.9078	0.316496	0	0.856849	7.423	0	36.274	44.851
tree425	-73.7388	0.310806	0	0.826914	7.362	0	33.749	42.387
tree426	-65.7739	0.278762	0	0.75647	6.396	0	28.536	38.14
tree427	-71.8679	0.314764	0	0.829878	7.417	0	32.959	41.542
tree428	-64.1458	0.285757	0	0.754187	6.42	0	27.625	37.205
tree429	-66.9372	0.303599	0	0.805285	6.548	0	30.568	40.02
tree430	-71.9425	0.324979	0	0.857822	7.429	0	34.347	42.918
tree431	-71.9439	0.312326	0	0.827731	7.409	0	32.908	41.499
tree432	-67.2179	0.299944	0	0.799118	6.509	0	30.53	40.021
tree433	-65.4756	0.287161	0	0.773267	6.416	0	28.616	38.2
tree434	-67.2179	0.299944	0	0.799118	6.538	0	30.539	40.001
tree435	-65.8073	0.281707	0	0.760745	6.415	0	28.611	38.196
tree436	-62.425	0.287484	0	0.753561	6.405	0	26.696	36.291
tree437	-68.5062	0.283438	0	0.782812	6.375	0	30.813	40.438
tree438	-70.243	0.31641	0	0.822894	7.409	0	31.907	40.498
tree439	-63.2674	0.284203	0	0.739138	6.406	0	26.689	36.283
tree440	-62.0894	0.291487	0	0.76261	6.417	0	26.678	36.261
tree441	-65.7774	0.283197	0	0.763737	6.384	0	28.537	38.153
tree442	-65.8073	0.281707	0	0.760745	6.427	0	28.681	38.254
tree443	-75.9076	0.316496	0	0.856849	7.448	0	36.286	44.838
tree444	-65.8713	0.301294	0	0.790058	6.519	0	29.57	39.051
tree445	-73.5295	0.31561	0	0.834562	7.383	0	33.824	42.441
tree446	-66.3029	0.280702	0	0.758245	6.381	0	28.516	38.135
tree447	-72.246	0.309471	0	0.818562	7.397	0	32.824	41.427
tree448	-62.4574	0.289792	0	0.757673	6.383	0	26.547	36.164
tree449	-72.246	0.309471	0	0.818562	7.39	0	32.796	41.406
tree450	-65.8073	0.281707	0	0.760745	6.374	0	28.526	38.152
tree451	-73.2108	0.315562	0	0.837696	7.443	0	33.969	42.526
tree452	-67.3318	0.299006	0	0.792975	6.646	0	29.934	39.288
tree453	-72.911	0.317293	0	0.847886	7.41	0	33.918	42.508
tree454	-65.8073	0.281707	0	0.760745	6.409	0	28.679	38.27
tree455	-65.4756	0.287161	0	0.773267	6.386	0	28.537	38.151
tree456	-71.5648	0.312636	0	0.831769	7.42	0	32.993	41.573
tree457	-65.8073	0.281707	0	0.760745	6.384	0	28.549	38.165
tree458	-71.9439	0.312326	0	0.827731	7.428	0	33.007	41.579
tree459	-65.8073	0.281707	0	0.760745	6.388	0	28.568	38.18
tree460	-66.3029	0.280702	0	0.758245	6.397	0	28.547	38.15
tree461	-65.8073	0.281707	0	0.760745	6.37	0	28.515	38.145
tree462	-71.9439	0.312326	0	0.827731	7.365	0	32.776	41.411
tree463	-65.7774	0.283197	0	0.763737	6.382	0	28.542	38.16
tree464	-65.8073	0.281707	0	0.760745	6.388	0	28.577	38.189
tree465	-72.0568	0.307985	0	0.823439	7.388	0	32.886	41.498
tree466	-71.9439	0.312326	0	0.827731	7.418	0	32.853	41.435
tree467	-71.8679	0.314764	0	0.829878	7.424	0	32.861	41.437
tree468	-70.6	0.327676	0	0.856483	7.424	0	33.413	41.989
tree469	-71.8679	0.314764	0	0.829878	7.385	0	32.878	41.493
tree470	-75.9078	0.316496	0	0.856849	7.432	0	36.267	44.835
tree471	-65.787	0.300555	0	0.788054	6.516	0	29.471	38.955
tree472	-71.9425	0.324979	0	0.857822	7.455	0	34.462	43.007
tree473	-73.9511	0.310621	0	0.829526	7.37	0	33.787	42.417
tree474	-69.4634	0.323211	0	0.84292	7.457	0	32.047	40.59
tree475	-67.2179	0.299944	0	0.799118	6.512	0	30.508	39.996
tree476	-71.5648	0.312636	0	0.831769	7.407	0	32.937	41.53
tree477	-71.9425	0.324979	0	0.857822	7.474	0	34.472	42.998
tree478	-62.425	0.287484	0	0.753561	6.448	0	26.781	36.333
tree479	-65.4756	0.287161	0	0.773267	6.424	0	28.674	38.25
tree480	-71.9439	0.312326	0	0.827731	7.39	0	32.852	41.462
tree481	-71.5648	0.312636	0	0.831769	7.377	0	32.773	41.396
tree482	-64.4759	0.282386	0	0.752647	6.385	0	27.574	37.189
tree483	-71.5648	0.312636	0	0.831769	7.39	0	32.87	41.48
tree484	-66.1082	0.28125	0	0.760194	6.397	0	28.519	38.122
tree485	-73.2108	0.315562	0	0.837696	7.399	0	33.93	42.531
tree486	-62.425	0.287484	0	0.753561	6.462	0	26.778	36.316
tree487	-67.6379	0.293738	0	0.780525	6.666	0	29.939	39.273
tree488	-71.5648	0.312636	0	0.831769	7.383	0	32.795	41.412
tree489	-65.8073	0.281707	0	0.760745	6.389	0	28.543	38.154
tree490	-70.1408	0.327603	0	0.856982	7.443	0	33.43	41.987
tree491	-65.7739	0.278762	0	0.75647	6.367	0	28.516	38.149
tree492	-65.4756	0.287161	0	0.773267	6.387	0	28.594	38.207
tree493	-66.1044	0.28125	0	0.760194	6.416	0	28.564	38.148
tree494	-64.4759	0.282386	0	0.752647	6.388	0	27.564	37.176
tree495	-67.2179	0.299944	0	0.799118	6.517	0	30.471	39.954
tree496	-65.8073	0.281707	0	0.760745	6.383	0	28.556	38.173
tree497	-67.3318	0.299006	0	0.792975	6.674	0	29.976	39.302
tree498	-65.8073	0.281707	0	0.760745	6.387	0	28.553	38.166
tree499	-66.1044	0.28125	0	0.760194	6.348	0	28.492	38.144
tree500	-65.8073	0.281707	0	0.760745	6.394	0	28.582	38.188
tree501	-67.3318	0.299006	0	0.792975	6.659	0	29.928	39.269
tree502	-72.911	0.317293	0	0.847886	7.421	0	33.967	42.546
tree503	-70.6211	0.316865	0	0.822041	7.401	0	31.838	40.437
tree504	-65.8073	0.281707	0	0.760745	6.414	0	28.622	38.208
tree505	-62.425	0.287484	0	0.753561	6.422	0	26.717	36.295
tree506	-66.1082	0.28125	0	0.760194	6.389	0	28.512	38.123
tree507	-71.5597	0.324325	0	0.867261	7.489	0	34.549	43.06
tree508	-72.911	0.317293	0	0.847886	7.413	0	33.978	42.565
tree509	-73.2108	0.315562	0	0.837696	7.42	0	33.984	42.564
tree510	-65.4756	0.287161	0	0.773267	6.416	0	28.635	38.219
tree511	-65.8073	0.281707	0	0.760745	6.402	0	28.612	38.21
tree512	-65.7774	0.283197	0	0.763737	6.382	0	28.553	38.171
tree513	-65.8073	0.281707	0	0.760745	6.388	0	28.587	38.199
tree514	-73.2108	0.315562	0	0.837696	7.417	0	33.87	42.453
tree515	-65.7774	0.283197	0	0.763737	6.403	0	28.565	38.162
tree516	-67.3318	0.299006	0	0.792975	6.606	0	29.799	39.193
tree517	-71.5171	0.284388	0	0.801241	6.453	0	33.385	42.932
tree518	-73.2108	0.315562	0	0.837696	7.409	0	33.968	42.559
tree519	-67.3318	0.299006	0	0.792975	6.7	0	30.023	39.323
tree520	-68.9356	0.279527	0	0.773923	6.393	0	30.862	40.469
tree521	-72.246	0.309471	0	0.818562	7.423	0	32.904	41.481
tree522	-68.6666	0.317659	0	0.819833	7.412	0	30.922	39.51
tree523	-69.0013	0.321986	0	0.821779	7.386	0	30.766	39.38
tree524	-65.8073	0.281707	0	0.760745	6.379	0	28.529	38.15
tree525	-65.4756	0.287161	0	0.773267	6.414	0	28.606	38.192
tree526	-64.1807	0.283948	0	0.754826	6.411	0	28.011	37.6
tree527	-67.6338	0.293738	0	0.780525	6.655	0	29.899	39.244
tree528	-73.2108	0.315562	0	0.837696	7.402	0	33.907	42.505
tree529	-67.2179	0.299944	0	0.799118	6.516	0	30.526	40.01
tree530	-71.5648	0.312636	0	0.831769	7.413	0	32.884	41.471
tree531	-65.4756	0.287161	0	0.773267	6.384	0	28.591	38.207
tree532	-71.5648	0.312636	0	0.831769	7.411	0	32.904	41.493
tree533	-62.7886	0.288429	0	0.751806	6.392	0	26.576	36.184
tree534	-66.1044	0.28125	0	0.760194	6.374	0	28.482	38.108
tree535	-65.4756	0.287161	0	0.773267	6.412	0	28.616	38.204
tree536	-71.8719	0.323758	0	0.861336	7.446	0	34.446	43
tree537	-68.017	0.327103	0	0.83939	7.461	0	31.073	39.612
tree538	-65.8073	0.281707	0	0.760745	6.396	0	28.597	38.201
tree539	-68.3901	0.283438	0	0.782812	6.447	0	31.019	40.572
tree540	-72.2998	0.326607	0	0.855992	7.453	0	34.346	42.893
tree541	-72.6286	0.324348	0	0.855387	7.449	0	34.304	42.855
tree542	-59.5727	0.254061	0	0.703891	5.564	0	24.853	35.289
tree543	-71.5648	0.312636	0	0.831769	7.411	0	32.911	41.5
tree544	-65.8073	0.281707	0	0.760745	6.436	0	28.701	38.265
tree545	-71.9439	0.312326	0	0.827731	7.345	0	32.735	41.39
tree546	-66.1044	0.28125	0	0.760194	6.372	0	28.472	38.1
tree547	-67.2179	0.299944	0	0.799118	6.533	0	30.589	40.056
tree548	-64.5219	0.279593	0	0.74903	6.401	0	27.556	37.155
tree549	-71.9425	0.324979	0	0.857822	7.424	0	34.362	42.938
tree550	-71.9439	0.312326	0	0.827731	7.411	0	32.89	41.479
tree551	-71.5597	0.324325	0	0.867261	7.462	0	34.519	43.057
tree552	-73.5295	0.31561	0	0.834562	7.38	0	33.814	42.434
tree553	-67.3318	0.299006	0	0.792975	6.658	0	29.949	39.291
tree554	-73.23	0.315139	0	0.83996	7.409	0	33.899	42.49
tree555	-65.8073	0.281707	0	0.760745	6.38	0	28.556	38.176
tree556	-62.8667	0.288621	0	0.754033	6.41	0	26.53	36.12
tree557	-65.8073	0.281707	0	0.760745	6.396	0	28.603	38.207
tree558	-71.5171	0.284388	0	0.801241	6.447	0	33.351	42.904
tree559	-69.8677	0.319594	0	0.833463	7.433	0	31.98	40.547
tree560	-68.9389	0.279527	0	0.773923	6.405	0	30.903	40.498
tree561	-65.7774	0.283197	0	0.763737	6.426	0	28.612	38.186
tree562	-63.9522	0.309378	0	0.803225	6.588	0	28.772	38.184
tree563	-67.2179	0.299944	0	0.799118	6.557	0	30.577	40.02
tree564	-70.1679	0.317286	0	0.827359	7.429	0	31.986	40.557
tree565	-70.7269	0.273739	0	0.782068	6.456	0	31.922	41.466
tree566	-67.3318	0.299006	0	0.792975	6.646	0	29.908	39.262
tree567	-71.8614	0.314764	0	0.829878	7.383	0	32.849	41.466
tree568	-71.8679	0.314764	0	0.829878	7.352	0	32.689	41.337
tree569	-73.4455	0.322622	0	0.834546	7.435	0	34.011	42.576
tree570	-66.3029	0.280702	0	0.758245	6.391	0	28.506	38.115
tree571	-71.5648	0.312636	0	0.831769	7.381	0	32.769	41.388
tree572	-75.9076	0.316496	0	0.856849	7.424	0	36.244	44.82
tree573	-66.1082	0.28125	0	0.760194	6.377	0	28.531	38.154
tree574	-65.4756	0.287161	0	0.773267	6.458	0	28.762	38.304
tree575	-65.7774	0.283197	0	0.763737	6.39	0	28.52	38.13
tree576	-67.2179	0.299944	0	0.799118	6.472	0	30.424	39.952
tree577	-65.8073	0.281707	0	0.760745	6.43	0	28.651	38.221
tree578	-66.1044	0.28125	0	0.760194	6.421	0	28.618	38.197
tree579	-71.4679	0.317876	0	0.835331	7.418	0	32.944	41.526
tree580	-72.0432	0.310866	0	0.824819	7.4	0	32.828	41.428
tree581	-71.5648	0.312636	0	0.831769	7.376	0	32.817	41.441
tree582	-72.4338	0.310551	0	0.821257	7.337	0	32.679	41.342
tree583	-68.2858	0.322944	0	0.828129	7.431	0	30.956	39.525
tree584	-65.8073	0.281707	0	0.760745	6.385	0	28.579	38.194
tree585	-65.4756	0.287161	0	0.773267	6.42	0	28.699	38.279
tree586	-65.4756	0.287161	0	0.773267	6.42	0	28.635	38.215
tree587	-73.2108	0.315562	0	0.837696	7.383	0	33.941	42.558
tree588	-65.7202	0.285628	0	0.768588	6.424	0	28.683	38.259
tree589	-65.8073	0.281707	0	0.760745	6.393	0	28.562	38.169
tree590	-66.1082	0.28125	0	0.760194	6.383	0	28.53	38.147
tree591	-65.8073	0.281707	0	0.760745	6.375	0	28.535	38.16
tree592	-65.8409	0.276605	0	0.753571	6.37	0	28.903	38.533
tree593	-73.5295	0.31561	0	0.834562	7.38	0	33.786	42.406
tree594	-65.8073	0.281707	0	0.760745	6.399	0	28.59	38.191
tree595	-62.6918	0.285	0	0.7375	6.398	0	26.658	36.26
tree596	-64.2094	0.284103	0	0.754769	6.365	0	27.854	37.489
tree597	-65.4756	0.287161	0	0.773267	6.393	0	28.562	38.169
tree598	-57.9037	0.268208	0	0.711341	5.465	0	24.054	34.589
tree599	-66.1044	0.28125	0	0.760194	6.388	0	28.539	38.151
tree600	-73.2108	0.315562	0	0.837696	7.398	0	34.003	42.605
tree601	-66.3029	0.280702	0	0.758245	6.401	0	28.541	38.14
tree602	-67.3318	0.299006	0	0.792975	6.648	0	29.902	39.254
tree603	-66.1082	0.28125	0	0.760194	6.4	0	28.572	38.172
tree604	-71.9439	0.312326	0	0.827731	7.395	0	32.874	41.479
tree605	-62.0894	0.291487	0	0.76261	6.455	0	26.862	36.407
tree606	-63.9522	0.309378	0	0.803225	6.625	0	28.826	38.201
tree607	-71.8679	0.314764	0	0.829878	7.372	0	32.748	41.376
tree608	-65.5396	0.284722	0	0.768439	6.4	0	28.942	38.542
tree609	-71.8679	0.314764	0	0.829878	7.438	0	32.912	41.474
tree610	-67.2404	0.300177	0	0.795739	6.64	0	29.909	39.269
tree611	-71.8679	0.314764	0	0.829878	7.355	0	32.799	41.444
tree612	-66.9908	0.298602	0	0.795833	6.679	0	29.981	39.302
tree613	-68.2858	0.322944	0	0.828129	7.444	0	31.015	39.571
tree614	-66.9908	0.298602	0	0.795833	6.688	0	29.957	39.269
tree615	-62.7886	0.288429	0	0.751806	6.379	0	26.497	36.118
tree616	-65.7739	0.278762	0	0.75647	6.364	0	28.485	38.121
tree617	-71.8679	0.314764	0	0.829878	7.377	0	32.813	41.436
tree618	-66.1082	0.28125	0	0.760194	6.382	0	28.52	38.138
tree619	-65.7774	0.283197	0	0.763737	6.365	0	28.483	38.118
tree620	-71.2041	0.323359	0	0.845054	7.407	0	33.168	41.761
tree621	-64.0271	0.285467	0	0.758085	6.419	0	27.646	37.227
tree622	-65.8073	0.281707	0	0.760745	6.402	0	28.588	38.186
tree623	-72.4338	0.310551	0	0.821257	7.373	0	32.802	41.429
tree624	-63.6702	0.312053	0	0.80518	6.637	0	28.881	38.244
tree625	-66.1044	0.28125	0	0.760194	6.409	0	28.606	38.197
tree626	-62.7886	0.288429	0	0.751806	6.446	0	26.678	36.232
tree627	-72.246	0.309471	0	0.818562	7.379	0	32.844	41.465
tree628	-71.9439	0.312326	0	0.827731	7.399	0	32.907	41.508
tree629	-64.4759	0.282386	0	0.752647	6.397	0	27.528	37.131
tree630	-65.944	0.254285	0	0.740772	5.534	0	29.491	39.957
tree631	-73.7388	0.310806	0	0.826914	7.39	0	33.84	42.45
tree632	-65.4838	0.304571	0	0.798886	6.577	0	29.665	39.088
tree633	-65.8073	0.281707	0	0.760745	6.385	0	28.557	38.172
tree634	-65.4756	0.287161	0	0.773267	6.433	0	28.741	38.308
tree635	-68.2858	0.322944	0	0.828129	7.408	0	30.874	39.466
tree636	-73.2108	0.315562	0	0.837696	7.405	0	33.948	42.543
tree637	-72.246	0.309471	0	0.818562	7.362	0	32.777	41.415
tree638	-71.5171	0.284388	0	0.801241	6.45	0	33.37	42.92
tree639	-67.1214	0.302034	0	0.803332	6.569	0	30.704	40.135
tree640	-70.1386	0.31641	0	0.822894	7.391	0	31.832	40.441
tree641	-71.9439	0.312326	0	0.827731	7.356	0	32.803	41.447
tree642	-71.5648	0.312636	0	0.831769	7.392	0	32.885	41.493
tree643	-65.8409	0.276605	0	0.753571	6.333	0	28.785	38.452
tree644	-73.2108	0.315562	0	0.837696	7.384	0	33.897	42.513
tree645	-64.0271	0.285467	0	0.758085	6.42	0	27.67	37.25
tree646	-71.8679	0.314764	0	0.829878	7.401	0	32.922	41.521
tree647	-73.5251	0.310607	0	0.831267	7.386	0	33.932	42.546
tree648	-71.9439	0.312326	0	0.827731	7.429	0	32.885	41.456
tree649	-68.7838	0.321769	0	0.82601	7.395	0	30.988	39.593
tree650	-71.8679	0.314764	0	0.829878	7.392	0	32.887	41.495
tree651	-73.2108	0.315562	0	0.837696	7.398	0	33.881	42.483
tree652	-62.1586	0.290807	0	0.763864	6.483	0	27.202	36.719
tree653	-66.9372	0.303599	0	0.805285	6.528	0	30.57	40.042
tree654	-67.2179	0.299944	0	0.799118	6.533	0	30.52	39.987
tree655	-62.7886	0.288429	0	0.751806	6.426	0	26.657	36.231
tree656	-68.9558	0.32078	0	0.818237	7.43	0	30.985	39.555
tree657	-70.6211	0.316865	0	0.822041	7.393	0	31.849	40.456
tree658	-66.3029	0.280702	0	0.758245	6.354	0	28.436	38.082
tree659	-70.6211	0.316865	0	0.822041	7.406	0	31.852	40.446
tree660	-63.9426	0.308153	0	0.790897	6.763	0	28.247	37.484
tree661	-73.5295	0.31561	0	0.834562	7.411	0	33.898	42.487
tree662	-65.8073	0.281707	0	0.760745	6.353	0	28.481	38.128
tree663	-72.6391	0.307956	0	0.815671	7.374	0	32.779	41.405
tree664	-68.9946	0.313469	0	0.808191	7.396	0	30.867	39.471
tree665	-65.8073	0.281707	0	0.760745	6.396	0	28.583	38.187
tree666	-71.5648	0.312636	0	0.831769	7.41	0	32.946	41.536
tree667	-71.9439	0.312326	0	0.827731	7.373	0	32.804	41.431
tree668	-65.8073	0.281707	0	0.760745	6.414	0	28.633	38.219
tree669	-63.9426	0.308153	0	0.790897	6.731	0	28.132	37.401
tree670	-65.4756	0.287161	0	0.773267	6.432	0	28.689	38.257
tree671	-58.4185	0.250132	0	0.680522	5.427	0	23.331	33.904
tree672	-67.3318	0.299006	0	0.792975	6.651	0	29.879	39.228
tree673	-72.246	0.309471	0	0.818562	7.403	0	32.862	41.459
tree674	-67.6379	0.293738	0	0.780525	6.632	0	29.84	39.208
tree675	-62.425	0.287484	0	0.753561	6.442	0	26.78	36.338
tree676	-66.1082	0.28125	0	0.760194	6.404	0	28.55	38.146
tree677	-65.8367	0.281345	0	0.760081	6.408	0	28.93	38.522
tree678	-71.9425	0.324979	0	0.857822	7.429	0	34.45	43.021
tree679	-75.9076	0.316496	0	0.856849	7.399	0	36.17	44.771
tree680	-66.1044	0.28125	0	0.760194	6.368	0	28.532	38.164
tree681	-67.3318	0.299006	0	0.792975	6.622	0	29.838	39.216
tree682	-67.3318	0.299006	0	0.792975	6.641	0	29.863	39.222
tree683	-79.9589	0.333305	0	0.882674	8.007	0	38.247	46.24
tree684	-71.8679	0.314764	0	0.829878	7.402	0	32.938	41.536
tree685	-67.2179	0.299944	0	0.799118	6.524	0	30.517	39.993
tree686	-72.7041	0.321286	0	0.852149	7.449	0	34.32	42.871
tree687	-71.5597	0.324325	0	0.867261	7.485	0	34.538	43.053
tree688	-71.9439	0.312326	0	0.827731	7.404	0	32.854	41.45
tree689	-65.8073	0.281707	0	0.760745	6.346	0	28.422	38.076
tree690	-61.772	0.288608	0	0.73152	6.377	0	25.524	35.147
tree691	-72.0568	0.307985	0	0.823439	7.375	0	32.75	41.375
tree692	-73.5295	0.31561	0	0.834562	7.377	0	33.816	42.439
tree693	-71.8679	0.314764	0	0.829878	7.428	0	32.901	41.473
tree694	-65.7774	0.283197	0	0.763737	6.411	0	28.593	38.182
tree695	-66.1082	0.28125	0	0.760194	6.391	0	28.493	38.102
tree696	-65.8073	0.281707	0	0.760745	6.395	0	28.578	38.183
tree697	-71.8687	0.326536	0	0.858883	7.46	0	34.455	42.995
tree698	-65.4756	0.287161	0	0.773267	6.393	0	28.61	38.217
tree699	-66.9908	0.298602	0	0.795833	6.643	0	29.891	39.248
tree700	-65.8073	0.281707	0	0.760745	6.4	0	28.618	38.218
tree701	-71.9425	0.324979	0	0.857822	7.446	0	34.445	42.999
tree702	-71.9439	0.312326	0	0.827731	7.372	0	32.859	41.487
tree703	-72.2253	0.2956	0	0.811176	6.524	0	33.51	42.986
tree704	-62.2204	0.268451	0	0.714264	5.937	0	25.047	35.11
tree705	-71.5648	0.312636	0	0.831769	7.366	0	32.829	41.463
tree706	-72.24	0.309471	0	0.818562	7.35	0	32.707	41.357
tree707	-67.6338	0.293738	0	0.780525	6.633	0	29.866	39.233
tree708	-65.8073	0.281707	0	0.760745	6.399	0	28.548	38.149
tree709	-65.4756	0.287161	0	0.773267	6.402	0	28.602	38.2
tree710	-65.8073	0.281707	0	0.760745	6.389	0	28.585	38.196
tree711	-65.8073	0.281707	0	0.760745	6.425	0	28.667	38.242
tree712	-65.4756	0.287161	0	0.773267	6.411	0	28.609	38.198
tree713	-66.1044	0.28125	0	0.760194	6.329	0	28.439	38.11
tree714	-71.8997	0.320322	0	0.831141	7.397	0	32.844	41.447
tree715	-72.2253	0.2956	0	0.811176	6.485	0	33.433	42.948
tree716	-71.5648	0.312636	0	0.831769	7.408	0	32.946	41.538
tree717	-65.7774	0.283197	0	0.763737	6.408	0	28.576	38.168
tree718	-65.4756	0.287161	0	0.773267	6.401	0	28.639	38.238
tree719	-71.174	0.290987	0	0.795691	6.444	0	32.322	41.878
tree720	-65.4756	0.287161	0	0.773267	6.408	0	28.596	38.188
tree721	-68.6346	0.280066	0	0.781338	6.427	0	31.029	40.602
tree722	-73.2108	0.315562	0	0.837696	7.401	0	33.934	42.533
tree723	-64.0271	0.285467	0	0.758085	6.361	0	27.494	37.133
tree724	-62.7886	0.288429	0	0.751806	6.394	0	26.564	36.17
tree725	-65.7739	0.278762	0	0.75647	6.391	0	28.585	38.194
tree726	-65.8073	0.281707	0	0.760745	6.401	0	28.609	38.208
tree727	-65.7774	0.283197	0	0.763737	6.386	0	28.53	38.144
tree728	-71.9425	0.324979	0	0.857822	7.445	0	34.418	42.973
tree729	-62.425	0.287484	0	0.753561	6.443	0	26.718	36.275
tree730	-66.1044	0.28125	0	0.760194	6.343	0	28.456	38.113
tree731	-71.9425	0.324979	0	0.857822	7.466	0	34.428	42.962
tree732	-67.6379	0.293738	0	0.780525	6.628	0	29.806	39.178
tree733	-72.6737	0.324348	0	0.855387	7.453	0	34.355	42.902
tree734	-76.211	0.311404	0	0.847744	7.391	0	36.188	44.797
tree735	-68.0446	0.291115	0	0.800357	6.447	0	31.376	40.929
tree736	-72.246	0.309471	0	0.818562	7.404	0	32.901	41.497
tree737	-67.5215	0.300177	0	0.795739	6.467	0	30.364	39.897
tree738	-72.911	0.317293	0	0.847886	7.399	0	33.974	42.575
tree739	-75.9078	0.316496	0	0.856849	7.451	0	36.306	44.855
tree740	-75.9078	0.316496	0	0.856849	7.431	0	36.324	44.893
tree741	-73.2108	0.315562	0	0.837696	7.428	0	34.011	42.583
tree742	-66.1082	0.28125	0	0.760194	6.39	0	28.55	38.16
tree743	-71.5648	0.312636	0	0.831769	7.406	0	32.959	41.553
tree744	-73.5295	0.31561	0	0.834562	7.397	0	33.914	42.517
tree745	-62.2223	0.290314	0	0.762519	6.447	0	27.135	36.688
tree746	-73.2108	0.315562	0	0.837696	7.421	0	33.945	42.524
tree747	-62.1586	0.290807	0	0.763864	6.461	0	27.149	36.688
tree748	-73.5295	0.31561	0	0.834562	7.377	0	33.823	42.446
tree749	-62.7886	0.288429	0	0.751806	6.393	0	26.529	36.136
tree750	-64.3875	0.257707	0	0.738094	5.53	0	28.605	39.075
tree751	-70.7089	0.344766	0	0.838672	7.417	0	31.923	40.506
tree752	-71.9439	0.312326	0	0.827731	7.365	0	32.779	41.414
tree753	-73.5295	0.31561	0	0.834562	7.359	0	33.786	42.427
tree754	-72.24	0.309471	0	0.818562	7.374	0	32.738	41.364
tree755	-65.7202	0.285628	0	0.768588	6.461	0	28.804	38.343
tree756	-67.2404	0.300177	0	0.795739	6.685	0	30.078	39.393
tree757	-66.1082	0.28125	0	0.760194	6.398	0	28.541	38.143
tree758	-65.4756	0.287161	0	0.773267	6.401	0	28.614	38.213
tree759	-69.4634	0.323211	0	0.84292	7.516	0	32.305	40.789
tree760	-65.9769	0.300518	0	0.78245	6.621	0	28.843	38.222
tree761	-66.1082	0.28125	0	0.760194	6.381	0	28.544	38.163
tree762	-67.2179	0.299944	0	0.799118	6.548	0	30.578	40.03
tree763	-69.4634	0.323211	0	0.84292	7.474	0	32.214	40.74
tree764	-71.7286	0.313929	0	0.82932	7.414	0	33.024	41.61
tree765	-72.911	0.317293	0	0.847886	7.425	0	34.031	42.606
tree766	-65.4756	0.287161	0	0.773267	6.409	0	28.595	38.186
tree767	-65.4756	0.287161	0	0.773267	6.408	0	28.613	38.205
tree768	-68.74	0.283438	0	0.782812	6.415	0	31.262	40.847
tree769	-71.8679	0.314764	0	0.829878	7.432	0	32.924	41.492
tree770	-73.2787	0.320673	0	0.845725	7.438	0	34.352	42.914
tree771	-70.4402	0.313542	0	0.820769	7.368	0	31.746	40.378
tree772	-65.6577	0.283206	0	0.764575	6.416	0	28.626	38.21
tree773	-72.0568	0.307985	0	0.823439	7.371	0	32.834	41.463
tree774	-65.8409	0.276605	0	0.753571	6.399	0	28.914	38.515
tree775	-71.5648	0.312636	0	0.831769	7.391	0	32.847	41.456
tree776	-68.6103	0.333676	0	0.856958	7.497	0	32.605	41.108
tree777	-73.7388	0.310806	0	0.826914	7.391	0	33.82	42.429
tree778	-66.9372	0.303599	0	0.805285	6.518	0	30.519	40.001
tree779	-69.0013	0.321986	0	0.821779	7.4	0	30.815	39.415
tree780	-64.4758	0.282386	0	0.752647	6.408	0	27.552	37.144
tree781	-65.7774	0.283197	0	0.763737	6.414	0	28.625	38.211
tree782	-67.3318	0.299006	0	0.792975	6.655	0	29.913	39.258
tree783	-65.4756	0.287161	0	0.773267	6.409	0	28.622	38.213
tree784	-73.5295	0.31561	0	0.834562	7.413	0	33.878	42.465
tree785	-65.826	0.284128	0	0.765599	6.44	0	28.697	38.257
tree786	-71.5597	0.324325	0	0.867261	7.452	0	34.477	43.025
tree787	-69.0013	0.321986	0	0.821779	7.42	0	30.979	39.559
tree788	-65.4756	0.287161	0	0.773267	6.407	0	28.591	38.184
tree789	-69.7656	0.324814	0	0.840727	7.484	0	32.242	40.758
tree790	-62.7423	0.284905	0	0.745684	6.39	0	27.003	36.613
tree791	-65.8073	0.281707	0	0.760745	6.36	0	28.532	38.172
tree792	-66.1082	0.28125	0	0.760194	6.374	0	28.52	38.146
tree793	-73.5295	0.31561	0	0.834562	7.41	0	33.892	42.482
tree794	-65.3916	0.289438	0	0.777345	6.451	0	28.981	38.53
tree795	-71.7859	0.314049	0	0.830594	7.363	0	32.792	41.429
tree796	-71.9425	0.324979	0	0.857822	7.441	0	34.405	42.964
tree797	-72.7866	0.289094	0	0.802897	6.455	0	33.329	42.874
tree798	-65.8073	0.281707	0	0.760745	6.385	0	28.585	38.2
tree799	-63.5977	0.308563	0	0.794851	6.691	0	28.09	37.399
tree800	-64.2094	0.284103	0	0.754769	6.421	0	27.989	37.568
tree801	-65.5396	0.284722	0	0.768439	6.401	0	28.953	38.552
tree802	-69.7656	0.324814	0	0.840727	7.471	0	32.144	40.673
tree803	-69.0013	0.321986	0	0.821779	7.406	0	30.879	39.473
tree804	-66.1082	0.28125	0	0.760194	6.385	0	28.549	38.164
tree805	-71.8679	0.314764	0	0.829878	7.401	0	32.886	41.485
tree806	-71.9425	0.324979	0	0.857822	7.459	0	34.429	42.97
tree807	-71.9439	0.312326	0	0.827731	7.374	0	32.844	41.47
tree808	-66.1082	0.28125	0	0.760194	6.354	0	28.469	38.115
tree809	-65.4756	0.287161	0	0.773267	6.383	0	28.596	38.213
tree810	-66.3029	0.280702	0	0.758245	6.405	0	28.598	38.193
tree811	-65.4756	0.287161	0	0.773267	6.393	0	28.625	38.232
tree812	-63.0055	0.285727	0	0.743862	6.406	0	26.658	36.252
tree813	-62.7886	0.288429	0	0.751806	6.414	0	26.566	36.152
tree814	-63.9764	0.303104	0	0.78115	6.656	0	27.879	37.223
tree815	-72.911	0.317293	0	0.847886	7.412	0	33.892	42.48
tree816	-66.1044	0.28125	0	0.760194	6.333	0	28.418	38.085
tree817	-71.9439	0.312326	0	0.827731	7.375	0	32.896	41.521
tree818	-63.2628	0.285	0	0.7375	6.413	0	26.683	36.27
tree819	-66.1082	0.28125	0	0.760194	6.363	0	28.506	38.143
tree820	-71.5648	0.312636	0	0.831769	7.4	0	32.93	41.53
tree821	-66.9908	0.298602	0	0.795833	6.645	0	29.918	39.273
tree822	-65.7774	0.283197	0	0.763737	6.434	0	28.691	38.257
tree823	-65.7202	0.285628	0	0.768588	6.421	0	28.671	38.25
tree824	-72.24	0.309471	0	0.818562	7.418	0	32.904	41.486
tree825	-65.5396	0.284722	0	0.768439	6.38	0	28.913	38.533
tree826	-69.3699	0.310409	0	0.793707	7.373	0	30.784	39.411
tree827	-72.4823	0.292255	0	0.809799	6.495	0	33.438	42.943
tree828	-62.0894	0.291487	0	0.76261	6.442	0	26.764	36.322
tree829	-75.9076	0.316496	0	0.856849	7.428	0	36.24	44.812
tree830	-72.3637	0.309471	0	0.818562	7.372	0	32.836	41.464
tree831	-71.9439	0.312326	0	0.827731	7.38	0	32.863	41.483
tree832	-64.4481	0.304697	0	0.785658	6.495	0	28.543	38.048
tree833	-72.628	0.324348	0	0.855387	7.433	0	34.257	42.824
tree834	-76.2066	0.311404	0	0.847744	7.421	0	36.217	44.796
tree835	-65.8073	0.281707	0	0.760745	6.41	0	28.611	38.201
tree836	-73.2108	0.315562	0	0.837696	7.439	0	34.034	42.595
tree837	-65.8073	0.281707	0	0.760745	6.382	0	28.559	38.177
tree838	-72.6737	0.324348	0	0.855387	7.459	0	34.301	42.842
tree839	-65.7774	0.283197	0	0.763737	6.379	0	28.532	38.153
tree840	-62.425	0.287484	0	0.753561	6.504	0	26.961	36.457
tree841	-65.7774	0.283197	0	0.763737	6.375	0	28.497	38.122
tree842	-62.1586	0.290807	0	0.763864	6.49	0	27.155	36.665
tree843	-71.8679	0.314764	0	0.829878	7.398	0	32.855	41.457
tree844	-65.2663	0.295352	0	0.786328	6.468	0	29.178	38.71
tree845	-70.1679	0.317286	0	0.827359	7.427	0	31.876	40.449
tree846	-72.1026	0.312067	0	0.82575	7.399	0	32.905	41.506
tree847	-71.9439	0.312326	0	0.827731	7.375	0	32.809	41.434
tree848	-71.5648	0.312636	0	0.831769	7.4	0	32.882	41.482
tree849	-72.911	0.317293	0	0.847886	7.444	0	34.029	42.585
tree850	-64.3169	0.301457	0	0.777494	6.676	0	27.941	37.265
tree851	-67.3318	0.299006	0	0.792975	6.712	0	30.089	39.377
tree852	-65.9661	0.30455	0	0.793102	6.522	0	29.512	38.99
tree853	-72.4338	0.310551	0	0.821257	7.395	0	32.845	41.45
tree854	-67.8272	0.295932	0	0.783452	6.618	0	29.758	39.14
tree855	-73.23	0.315139	0	0.83996	7.402	0	33.839	42.437
tree856	-64.3272	0.282401	0	0.750493	6.383	0	27.56	37.177
tree857	-65.8073	0.281707	0	0.760745	6.371	0	28.489	38.118
tree858	-65.4756	0.287161	0	0.773267	6.36	0	28.5	38.14
tree859	-65.8073	0.281707	0	0.760745	6.39	0	28.576	38.186
tree860	-73.7388	0.310806	0	0.826914	7.351	0	33.767	42.416
tree861	-65.8073	0.281707	0	0.760745	6.382	0	28.56	38.178
tree862	-64.1458	0.285757	0	0.754187	6.398	0	27.567	37.169
tree863	-71.9439	0.312326	0	0.827731	7.441	0	33.012	41.571
tree864	-69.0013	0.321986	0	0.821779	7.41	0	30.89	39.48
tree865	-66.1044	0.28125	0	0.760194	6.39	0	28.564	38.174
tree866	-62.4574	0.289792	0	0.757673	6.422	0	26.627	36.205
tree867	-71.8753	0.315965	0	0.830809	7.403	0	32.823	41.42
tree868	-66.1044	0.28125	0	0.760194	6.399	0	28.56	38.161
tree869	-66.1082	0.28125	0	0.760194	6.398	0	28.56	38.162
tree870	-65.8073	0.281707	0	0.760745	6.395	0	28.543	38.148
tree871	-64.0271	0.285467	0	0.758085	6.412	0	27.627	37.215
tree872	-66.0066	0.297263	0	0.777271	6.613	0	28.847	38.234
tree873	-71.8679	0.314764	0	0.829878	7.372	0	32.821	41.449
tree874	-72.4823	0.292255	0	0.809799	6.494	0	33.425	42.931
tree875	-66.3029	0.280702	0	0.758245	6.354	0	28.462	38.108
tree876	-64.3232	0.282644	0	0.75562	6.401	0	27.598	37.197
tree877	-73.5295	0.31561	0	0.834562	7.382	0	33.833	42.451
tree878	-73.5295	0.31561	0	0.834562	7.407	0	33.897	42.49
tree879	-62.425	0.287484	0	0.753561	6.408	0	26.699	36.291
tree880	-65.9015	0.283197	0	0.763737	6.409	0	28.613	38.204
tree881	-65.4756	0.287161	0	0.773267	6.414	0	28.675	38.261
tree882	-71.8679	0.314764	0	0.829878	7.4	0	32.794	41.394
tree883	-73.2108	0.315562	0	0.837696	7.425	0	34.035	42.61
tree884	-62.4946	0.285	0	0.7375	6.411	0	26.738	36.327
tree885	-66.1082	0.28125	0	0.760194	6.366	0	28.489	38.123
tree886	-75.9076	0.316496	0	0.856849	7.433	0	36.28	44.847
tree887	-67.6229	0.252606	0	0.743797	5.456	0	30.31	40.854
tree888	-65.8073	0.281707	0	0.760745	6.364	0	28.483	38.119
tree889	-69.0013	0.321986	0	0.821779	7.369	0	30.71	39.341
tree890	-71.8687	0.326536	0	0.858883	7.422	0	34.354	42.932
tree891	-62.4574	0.289792	0	0.757673	6.405	0	26.577	36.172
tree892	-65.8073	0.281707	0	0.760745	6.42	0	28.662	38.242
tree893	-71.5648	0.312636	0	0.831769	7.403	0	32.963	41.56
tree894	-68.6666	0.317659	0	0.819833	7.417	0	30.907	39.49
tree895	-64.0271	0.285467	0	0.758085	6.426	0	27.679	37.253
tree896	-71.5648	0.312636	0	0.831769	7.402	0	32.883	41.481
tree897	-69.7656	0.324814	0	0.840727	7.488	0	32.176	40.688
tree898	-65.5501	0.299705	0	0.786868	6.636	0	28.859	38.223
tree899	-66.1082	0.28125	0	0.760194	6.373	0	28.524	38.151
tree900	-72.2506	0.324467	0	0.856781	7.445	0	34.405	42.96
tree901	-67.6379	0.293738	0	0.780525	6.621	0	29.783	39.162
tree902	-65.7774	0.283197	0	0.763737	6.416	0	28.655	38.239
tree903	-66.1044	0.28125	0	0.760194	6.406	0	28.584	38.178
tree904	-66.1082	0.28125	0	0.760194	6.391	0	28.563	38.172
tree905	-66.1082	0.28125	0	0.760194	6.393	0	28.522	38.129
tree906	-67.3318	0.299006	0	0.792975	6.631	0	29.897	39.266
tree907	-70.6307	0.327676	0	0.856483	7.479	0	33.496	42.017
tree908	-65.4756	0.287161	0	0.773267	6.42	0	28.667	38.247
tree909	-65.5396	0.284722	0	0.768439	6.397	0	28.968	38.571
tree910	-72.2506	0.324467	0	0.856781	7.411	0	34.355	42.944
tree911	-73.2108	0.315562	0	0.837696	7.388	0	33.909	42.521
tree912	-66.9908	0.298602	0	0.795833	6.65	0	29.919	39.269
tree913	-64.4759	0.282386	0	0.752647	6.393	0	27.581	37.188
tree914	-73.2108	0.315562	0	0.837696	7.392	0	33.946	42.554
tree915	-75.9076	0.316496	0	0.856849	7.424	0	36.235	44.811
tree916	-71.9439	0.312326	0	0.827731	7.407	0	32.859	41.452
tree917	-71.9439	0.312326	0	0.827731	7.422	0	32.889	41.467
tree918	-63.0055	0.285727	0	0.743862	6.427	0	26.758	36.331
tree919	-72.6735	0.324348	0	0.855387	7.463	0	34.377	42.914
tree920	-73.2108	0.315562	0	0.837696	7.381	0	33.969	42.588
tree921	-73.5295	0.31561	0	0.834562	7.402	0	33.913	42.511
tree922	-71.9425	0.324979	0	0.857822	7.423	0	34.382	42.959
tree923	-67.5217	0.300177	0	0.795739	6.497	0	30.394	39.897
tree924	-64.4759	0.282386	0	0.752647	6.381	0	27.572	37.191
tree925	-65.2131	0.279531	0	0.751562	6.412	0	28.916	38.504
tree926	-64.2094	0.284103	0	0.754769	6.381	0	27.898	37.517
tree927	-67.6379	0.293738	0	0.780525	6.62	0	29.82	39.2
tree928	-68.6666	0.317659	0	0.819833	7.44	0	30.98	39.54
tree929	-72.911	0.317293	0	0.847886	7.43	0	34.014	42.584
tree930	-64.1458	0.285757	0	0.754187	6.396	0	27.588	37.192
tree931	-66.2321	0.278753	0	0.757338	6.392	0	28.521	38.129
tree932	-65.9729	0.279646	0	0.757232	6.404	0	28.604	38.2
tree933	-71.8679	0.314764	0	0.829878	7.383	0	32.782	41.399
tree934	-74.1157	0.317727	0	0.855097	7.419	0	35.237	43.818
tree935	-66.1082	0.28125	0	0.760194	6.405	0	28.55	38.145
tree936	-65.5396	0.284722	0	0.768439	6.413	0	28.972	38.559
tree937	-62.7886	0.288429	0	0.751806	6.425	0	26.682	36.257
tree938	-62.7886	0.288429	0	0.751806	6.404	0	26.605	36.201
tree939	-73.2108	0.315562	0	0.837696	7.406	0	33.951	42.545
tree940	-65.8073	0.281707	0	0.760745	6.433	0	28.627	38.194
tree941	-68.8301	0.284689	0	0.781506	6.375	0	30.858	40.483
tree942	-73.5295	0.31561	0	0.834562	7.353	0	33.82	42.467
tree943	-67.3318	0.299006	0	0.792975	6.681	0	29.936	39.255
tree944	-62.4574	0.289792	0	0.757673	6.425	0	26.656	36.231
tree945	-67.5357	0.276968	0	0.76792	6.421	0	29.637	39.216
tree946	-67.6229	0.252606	0	0.743797	5.494	0	30.405	40.911
tree947	-71.5648	0.312636	0	0.831769	7.374	0	32.829	41.455
tree948	-71.9439	0.312326	0	0.827731	7.414	0	32.947	41.533
tree949	-65.4756	0.287161	0	0.773267	6.413	0	28.623	38.21
tree950	-66.9372	0.303599	0	0.805285	6.518	0	30.537	40.019
tree951	-71.9955	0.283665	0	0.794584	6.425	0	33.333	42.908
tree952	-66.1044	0.28125	0	0.760194	6.353	0	28.483	38.13
tree953	-65.8073	0.281707	0	0.760745	6.402	0	28.613	38.211
tree954	-65.8073	0.281707	0	0.760745	6.4	0	28.614	38.214
tree955	-65.8073	0.281707	0	0.760745	6.386	0	28.545	38.159
tree956	-66.1082	0.28125	0	0.760194	6.388	0	28.527	38.139
tree957	-65.8073	0.281707	0	0.760745	6.425	0	28.642	38.217
tree958	-72.6737	0.324348	0	0.855387	7.394	0	34.251	42.857
tree959	-71.9439	0.312326	0	0.827731	7.378	0	32.81	41.432
tree960	-65.8073	0.281707	0	0.760745	6.402	0	28.561	38.159
tree961	-65.7774	0.283197	0	0.763737	6.419	0	28.595	38.176
tree962	-73.2108	0.315562	0	0.837696	7.383	0	33.849	42.466
tree963	-68.6666	0.317659	0	0.819833	7.413	0	30.874	39.461
tree964	-66.9908	0.298602	0	0.795833	6.648	0	29.887	39.239
tree965	-62.425	0.287484	0	0.753561	6.476	0	26.885	36.409
tree966	-66.1082	0.28125	0	0.760194	6.373	0	28.499	38.126
tree967	-68.6666	0.317659	0	0.819833	7.423	0	30.925	39.502
tree968	-73.2108	0.315562	0	0.837696	7.45	0	34.074	42.624
tree969	-69.2348	0.301484	0	0.805962	6.575	0	31.688	41.113
tree970	-73.2108	0.315562	0	0.837696	7.393	0	33.888	42.495
tree971	-72.911	0.317293	0	0.847886	7.409	0	33.899	42.49
tree972	-75.5336	0.314929	0	0.859145	7.393	0	36.14	44.747
tree973	-65.7774	0.283197	0	0.763737	6.359	0	28.507	38.148
tree974	-68.6346	0.280066	0	0.781338	6.391	0	30.918	40.527
tree975	-71.5648	0.312636	0	0.831769	7.378	0	32.848	41.47
tree976	-67.6229	0.252606	0	0.743797	5.452	0	30.343	40.891
tree977	-71.5648	0.312636	0	0.831769	7.4	0	32.9	41.5
tree978	-71.9425	0.324979	0	0.857822	7.455	0	34.501	43.046
tree979	-65.8073	0.281707	0	0.760745	6.41	0	28.635	38.225
tree980	-62.7886	0.288429	0	0.751806	6.402	0	26.587	36.185
tree981	-73.0009	0.322995	0	0.85092	7.452	0	34.278	42.826
tree982	-75.9078	0.316496	0	0.856849	7.439	0	36.254	44.815
tree983	-71.9425	0.324979	0	0.857822	7.438	0	34.437	42.999
tree984	-75.6084	0.332024	0	0.858773	7.964	0	34.749	42.785
tree985	-71.5648	0.312636	0	0.831769	7.392	0	32.834	41.442
tree986	-65.4756	0.287161	0	0.773267	6.391	0	28.598	38.207
tree987	-71.5648	0.312636	0	0.831769	7.397	0	32.947	41.55
tree988	-67.2179	0.299944	0	0.799118	6.504	0	30.489	39.985
tree989	-65.4756	0.287161	0	0.773267	6.414	0	28.662	38.248
tree990	-65.8073	0.281707	0	0.760745	6.405	0	28.605	38.2
tree991	-71.5597	0.324325	0	0.867261	7.474	0	34.513	43.039
tree992	-73.23	0.315139	0	0.83996	7.385	0	33.841	42.456
tree993	-65.4756	0.287161	0	0.773267	6.453	0	28.733	38.28
tree994	-67.3318	0.299006	0	0.792975	6.701	0	30.015	39.314
tree995	-66.1082	0.28125	0	0.760194	6.37	0	28.493	38.123
tree996	-65.8073	0.281707	0	0.760745	6.37	0	28.534	38.164
tree997	-68.6103	0.333676	0	0.856958	7.477	0	32.603	41.126
tree998	-66.1082	0.28125	0	0.760194	6.414	0	28.64	38.226
tree999	-67.2179	0.299944	0	0.799118	6.529	0	30.517	39.988
