SpTree	logl	delta	tau	lambda	duplications	transfers	losses	speciations
tree0	-11352.2	0	0	10	0.267	138.481	152.571	29.823
tree1	-11352.2	0	0	10	0.289	168.271	179.63	27.07
tree2	-11352.2	0	0	10	0.273	152.8	165.653	28.58
tree3	-11352.2	0	0	10	0.244	156.09	168.643	28.309
tree4	-11352.2	0	0	10	0.307	168.268	179.588	27.013
tree5	-11352.2	0	0	10	0.275	142.228	157.548	31.045
tree6	-11352.2	0	0	10	0.295	167.465	179.253	27.493
tree7	-11352.2	0	0	10	0.259	153.334	166.504	28.911
tree8	-11352.2	0	0	10	0.245	155.144	167.792	28.403
tree9	-11352.2	0	0	10	0.285	166.766	178.117	27.066
tree10	-11352.2	0	0	10	0.247	139.65	154.101	30.204
tree11	-11352.2	0	0	10	0.298	167.706	179.008	27.004
tree12	-11352.2	0	0	10	0.263	145.367	158.008	28.378
tree13	-11352.2	0	0	10	0.285	156.168	167.751	27.298
tree14	-11352.2	0	0	10	0.258	154.815	168.146	29.073
tree15	-11352.2	0	0	10	0.309	155.365	168.668	28.994
tree16	-11352.2	0	0	10	0.287	167.573	179.687	27.827
tree17	-11352.2	0	0	10	0.275	164.468	175.542	26.799
tree18	-11352.2	0	0	10	0.263	166.466	177.882	27.153
tree19	-11352.2	0	0	10	0.27	149.409	162.141	28.462
tree20	-11352.2	0	0	10	0.281	164.47	176.953	28.202
tree21	-11352.2	0	0	10	0.286	154.325	167.997	29.386
tree22	-11352.2	0	0	10	0.292	164.44	176.423	27.691
tree23	-11352.2	0	0	10	0.273	172.837	184.434	27.324
tree24	-11352.2	0	0	10	0.245	154.689	166.417	27.483
tree25	-11352.2	0	0	10	0.276	141.193	154.069	28.6
tree26	-11352.2	0	0	10	0.299	157.171	170.284	28.814
tree27	-11352.2	0	0	10	0.275	139.232	152.056	28.549
tree28	-11352.2	0	0	10	0.278	140.803	156.939	31.858
tree29	-11352.2	0	0	10	0.243	166.64	178.24	27.357
tree30	-11352.2	0	0	10	0.252	138.137	153.371	30.982
tree31	-11352.2	0	0	10	0.253	137.209	151.765	30.303
tree32	-11352.2	0	0	10	0.275	165.795	178.57	28.5
tree33	-11352.2	0	0	10	0.284	157.878	171.731	29.569
tree34	-11352.2	0	0	10	0.271	149.119	161.34	27.95
tree35	-11352.2	0	0	10	0.275	135.608	151.802	31.919
tree36	-11352.2	0	0	10	0.285	165.469	178.53	28.776
tree37	-11352.2	0	0	10	0.27	139.166	152.741	29.305
tree38	-11352.2	0	0	10	0.285	152.129	166.19	29.776
tree39	-11352.2	0	0	10	0.29	156.92	170.309	29.099
tree40	-11352.2	0	0	10	0.272	165.833	178.685	28.58
tree41	-11352.2	0	0	10	0.239	154.91	166.752	27.603
tree42	-11352.2	0	0	10	0.289	138.009	151.33	29.032
tree43	-11352.2	0	0	10	0.29	155.543	167.285	27.452
tree44	-11352.2	0	0	10	0.289	158.056	171.432	29.087
tree45	-11352.2	0	0	10	0.269	169.612	180.486	26.605
tree46	-11352.2	0	0	10	0.312	166.957	178.097	26.828
tree47	-11352.2	0	0	10	0.277	154.938	168.679	29.464
tree48	-11352.2	0	0	10	0.32	166.572	179.353	28.461
tree49	-11352.2	0	0	10	0.274	163.519	173.427	25.634
tree50	-11352.2	0	0	10	0.258	153.377	167.307	29.672
tree51	-11352.2	0	0	10	0.284	166.678	178.793	27.831
tree52	-11352.2	0	0	10	0.256	158.966	170.853	27.631
tree53	-11352.2	0	0	10	0.266	167.106	179.34	27.968
tree54	-11352.2	0	0	10	0.241	167.301	178.109	26.567
tree55	-11352.2	0	0	10	0.293	166.202	177.124	26.629
tree56	-11352.2	0	0	10	0.246	153.468	167.787	30.073
tree57	-11352.2	0	0	10	0.253	139.773	153.198	29.172
tree58	-11352.2	0	0	10	0.255	167.303	176.736	25.178
tree59	-11352.2	0	0	10	0.261	154.947	169.499	30.291
tree60	-11352.2	0	0	10	0.291	167.257	179	27.452
tree61	-11352.2	0	0	10	0.276	155.826	169.084	28.982
tree62	-11352.2	0	0	10	0.292	152.045	165.846	29.509
tree63	-11352.2	0	0	10	0.252	167.54	179.218	27.426
tree64	-11352.2	0	0	10	0.281	153.344	166.625	29
tree65	-11352.2	0	0	10	0.244	167.698	179.048	27.106
tree66	-11352.2	0	0	10	0.294	165.738	177.685	27.653
tree67	-11352.2	0	0	10	0.274	148.342	159.978	27.362
tree68	-11352.2	0	0	10	0.268	164.213	177.186	28.705
tree69	-11352.2	0	0	10	0.284	166.739	176.554	25.531
tree70	-11352.2	0	0	10	0.279	155.542	168.324	28.503
tree71	-11352.2	0	0	10	0.292	166.349	179.557	28.916
tree72	-11352.2	0	0	10	0.281	165.636	177.945	28.028
tree73	-11352.2	0	0	10	0.241	137.949	153.049	30.859
tree74	-11352.2	0	0	10	0.293	154.776	167.932	28.863
tree75	-11352.2	0	0	10	0.257	154.041	166.678	28.38
tree76	-11352.2	0	0	10	0.279	169.036	179.263	25.948
tree77	-11352.2	0	0	10	0.283	169.607	179.151	25.261
tree78	-11352.2	0	0	10	0.284	141.83	154.624	28.51
tree79	-11352.2	0	0	10	0.244	165.253	177.331	27.834
tree80	-11352.2	0	0	10	0.294	155.806	168.201	28.101
tree81	-11352.2	0	0	10	0.264	157.901	170.456	28.291
tree82	-11352.2	0	0	10	0.278	152.678	166.459	29.503
tree83	-11352.2	0	0	10	0.271	158.778	173.133	30.084
tree84	-11352.2	0	0	10	0.283	169.706	180.129	26.14
tree85	-11352.2	0	0	10	0.255	148.326	160.221	27.64
tree86	-11352.2	0	0	10	0.293	157.945	171.471	29.233
tree87	-11352.2	0	0	10	0.278	135.268	150.319	30.773
tree88	-11352.2	0	0	10	0.279	168.8	178.866	25.787
tree89	-11352.2	0	0	10	0.27	139.196	153.301	29.835
tree90	-11352.2	0	0	10	0.267	153.973	167.865	29.625
tree91	-11352.2	0	0	10	0.313	157.063	169.919	28.543
tree92	-11352.2	0	0	10	0.257	153.817	165.501	27.427
tree93	-11352.2	0	0	10	0.285	137.943	154.193	31.965
tree94	-11352.2	0	0	10	0.28	143.204	155.866	28.382
tree95	-11352.2	0	0	10	0.291	156.114	168.426	28.021
tree96	-11352.2	0	0	10	0.257	157.149	170.587	29.181
tree97	-11352.2	0	0	10	0.273	155.083	168.073	28.717
tree98	-11352.2	0	0	10	0.255	155.767	169.601	29.579
tree99	-11352.2	0	0	10	0.263	165.558	178.113	28.292
tree100	-11352.2	0	0	10	0.282	138.399	153.633	30.952
tree101	-11352.2	0	0	10	0.254	138.34	154.763	32.169
tree102	-11352.2	0	0	10	0.291	168.748	180.378	27.339
tree103	-11352.2	0	0	10	0.287	154.004	167.579	29.288
tree104	-11352.2	0	0	10	0.285	156.089	168.913	28.539
tree105	-11352.2	0	0	10	0.28	155.818	167.987	27.889
tree106	-11352.2	0	0	10	0.268	140.948	153.268	28.052
tree107	-11352.2	0	0	10	0.285	153.479	166.624	28.86
tree108	-11352.2	0	0	10	0.279	151.828	166.044	29.937
tree109	-11352.2	0	0	10	0.25	155.174	168.939	29.515
tree110	-11352.2	0	0	10	0.274	167.637	178.477	26.566
tree111	-11352.2	0	0	10	0.312	156.491	169.721	28.918
tree112	-11352.2	0	0	10	0.261	141.435	155.512	29.816
tree113	-11352.2	0	0	10	0.275	165.431	178.247	28.541
tree114	-11352.2	0	0	10	0.274	167.123	178.726	27.329
tree115	-11352.2	0	0	10	0.256	142.116	155.615	29.243
tree116	-11352.2	0	0	10	0.25	143.979	156.879	28.65
tree117	-11352.2	0	0	10	0.28	164.082	176.087	27.725
tree118	-11352.2	0	0	10	0.287	169.642	180.977	27.048
tree119	-11352.2	0	0	10	0.24	138.518	151.089	28.331
tree120	-11352.2	0	0	10	0.256	154.222	167.565	29.087
tree121	-11352.2	0	0	10	0.257	145.74	157.633	27.636
tree122	-11352.2	0	0	10	0.286	155.427	168.632	28.919
tree123	-11352.2	0	0	10	0.286	155.018	169.152	29.848
tree124	-11352.2	0	0	10	0.286	156.06	169.559	29.213
tree125	-11352.2	0	0	10	0.291	166.563	178.256	27.402
tree126	-11352.2	0	0	10	0.266	165.124	176.282	26.892
tree127	-11352.2	0	0	10	0.266	166.509	178.572	27.797
tree128	-11352.2	0	0	10	0.29	169.713	181.336	27.333
tree129	-11352.2	0	0	10	0.26	154.099	167.629	29.27
tree130	-11352.2	0	0	10	0.266	163.661	176.526	28.599
tree131	-11352.2	0	0	10	0.278	153.644	165.935	28.013
tree132	-11352.2	0	0	10	0.263	146.802	156.169	25.104
tree133	-11352.2	0	0	10	0.288	138.871	154.388	31.229
tree134	-11352.2	0	0	10	0.263	154.359	166.741	28.119
tree135	-11352.2	0	0	10	0.305	154.201	168.699	30.193
tree136	-11352.2	0	0	10	0.242	155.441	168.845	29.162
tree137	-11352.2	0	0	10	0.277	168.263	178.497	25.957
tree138	-11352.2	0	0	10	0.267	140.121	153.089	28.701
tree139	-11352.2	0	0	10	0.271	137.443	152.05	30.336
tree140	-11352.2	0	0	10	0.269	154.512	168.78	29.999
tree141	-11352.2	0	0	10	0.285	167.465	178.897	27.147
tree142	-11352.2	0	0	10	0.264	167.555	179.821	28.002
tree143	-11352.2	0	0	10	0.263	167.684	179.202	27.255
tree144	-11352.2	0	0	10	0.292	154.379	166.58	27.909
tree145	-11352.2	0	0	10	0.285	156.702	170.285	29.298
tree146	-11352.2	0	0	10	0.329	155.564	169.244	29.351
tree147	-11352.2	0	0	10	0.255	139.409	154.179	30.515
tree148	-11352.2	0	0	10	0.271	157.72	170.41	28.419
tree149	-11352.2	0	0	10	0.27	155.629	168.962	29.063
tree150	-11352.2	0	0	10	0.268	155.898	170.971	30.805
tree151	-11352.2	0	0	10	0.288	168.999	180.608	27.321
tree152	-11352.2	0	0	10	0.27	156.279	171.345	30.796
tree153	-11352.2	0	0	10	0.284	153.24	166.255	28.731
tree154	-11352.2	0	0	10	0.262	157.102	169.875	28.511
tree155	-11352.2	0	0	10	0.274	154.419	169.055	30.362
tree156	-11352.2	0	0	10	0.288	141.072	156.543	31.183
tree157	-11352.2	0	0	10	0.286	164.947	175.945	26.712
tree158	-11352.2	0	0	10	0.289	141.251	156.005	30.465
tree159	-11352.2	0	0	10	0.288	152.97	167.45	30.192
tree160	-11352.2	0	0	10	0.263	158.296	169.588	27.029
tree161	-11352.2	0	0	10	0.279	135.914	150.587	30.394
tree162	-11352.2	0	0	10	0.267	154.064	167.205	28.874
tree163	-11352.2	0	0	10	0.257	138.313	152.5	29.93
tree164	-11352.2	0	0	10	0.286	154.087	166.62	28.247
tree165	-11352.2	0	0	10	0.286	155.755	170.032	29.991
tree166	-11352.2	0	0	10	0.282	136.536	151.798	30.98
tree167	-11352.2	0	0	10	0.285	170.564	182.187	27.338
tree168	-11352.2	0	0	10	0.273	168.296	179.972	27.403
tree169	-11352.2	0	0	10	0.26	167.172	177.408	25.976
tree170	-11352.2	0	0	10	0.286	164.621	176.58	27.673
tree171	-11352.2	0	0	10	0.28	153.864	168.665	30.521
tree172	-11352.2	0	0	10	0.268	168.506	180.275	27.501
tree173	-11352.2	0	0	10	0.273	156.488	170.33	29.569
tree174	-11352.2	0	0	10	0.296	164.844	176.785	27.645
tree175	-11352.2	0	0	10	0.256	146.391	158.176	27.529
tree176	-11352.2	0	0	10	0.283	154.238	168.121	29.6
tree177	-11352.2	0	0	10	0.249	134.877	148.418	29.292
tree178	-11352.2	0	0	10	0.255	154.011	167.742	29.476
tree179	-11352.2	0	0	10	0.249	139.656	152.614	28.709
tree180	-11352.2	0	0	10	0.284	153.643	167.078	29.151
tree181	-11352.2	0	0	10	0.267	138.311	151.007	28.429
tree182	-11352.2	0	0	10	0.253	138.679	153.776	30.844
tree183	-11352.2	0	0	10	0.263	152.35	165.784	29.171
tree184	-11352.2	0	0	10	0.308	155.31	167.376	27.758
tree185	-11352.2	0	0	10	0.281	167.016	179.086	27.789
tree186	-11352.2	0	0	10	0.307	155.279	168.326	28.74
tree187	-11352.2	0	0	10	0.262	147.452	158.71	26.996
tree188	-11352.2	0	0	10	0.263	150.551	165.335	30.521
tree189	-11352.2	0	0	10	0.244	140.589	153.988	29.155
tree190	-11352.2	0	0	10	0.287	151.234	165.97	30.449
tree191	-11352.2	0	0	10	0.248	156.446	168.561	27.867
tree192	-11352.2	0	0	10	0.266	166.24	176.916	26.41
tree193	-11352.2	0	0	10	0.267	152.592	166.838	29.979
tree194	-11352.2	0	0	10	0.296	156.35	169.759	29.113
tree195	-11352.2	0	0	10	0.293	167.033	179.526	28.2
tree196	-11352.2	0	0	10	0.262	164.434	177.239	28.543
tree197	-11352.2	0	0	10	0.273	163.198	173.727	26.256
tree198	-11352.2	0	0	10	0.245	138.802	153.338	30.291
tree199	-11352.2	0	0	10	0.256	153.234	167.457	29.967
tree200	-11352.2	0	0	10	0.279	154.492	166.327	27.556
tree201	-11352.2	0	0	10	0.245	163.888	175.152	27.019
tree202	-11352.2	0	0	10	0.289	165.153	177.552	28.11
tree203	-11352.2	0	0	10	0.245	156.118	167.187	26.824
tree204	-11352.2	0	0	10	0.272	138.885	152.054	28.897
tree205	-11352.2	0	0	10	0.274	154.525	166.661	27.862
tree206	-11352.2	0	0	10	0.274	167.181	178.611	27.156
tree207	-11352.2	0	0	10	0.267	150.075	163.876	29.534
tree208	-11352.2	0	0	10	0.298	155.685	167.734	27.751
tree209	-11352.2	0	0	10	0.254	138.42	153.361	30.687
tree210	-11352.2	0	0	10	0.265	154.559	167.88	29.056
tree211	-11352.2	0	0	10	0.26	138.637	154.493	31.596
tree212	-11352.2	0	0	10	0.298	166.178	177.831	27.355
tree213	-11352.2	0	0	10	0.262	138.309	152.124	29.553
tree214	-11352.2	0	0	10	0.272	154.41	169.277	30.595
tree215	-11352.2	0	0	10	0.253	165.888	176.155	26.014
tree216	-11352.2	0	0	10	0.255	139.933	153.609	29.421
tree217	-11352.2	0	0	10	0.258	154.853	167.695	28.584
tree218	-11352.2	0	0	10	0.277	155.925	166.871	26.669
tree219	-11352.2	0	0	10	0.276	139.045	153.805	30.484
tree220	-11352.2	0	0	10	0.272	149.801	163.652	29.579
tree221	-11352.2	0	0	10	0.251	165.15	176.648	27.247
tree222	-11352.2	0	0	10	0.278	168.455	180.35	27.617
tree223	-11352.2	0	0	10	0.289	167.38	178.291	26.622
tree224	-11352.2	0	0	10	0.264	166.307	177.241	26.67
tree225	-11352.2	0	0	10	0.256	166.337	176.101	25.508
tree226	-11352.2	0	0	10	0.271	136.273	148.37	27.826
tree227	-11352.2	0	0	10	0.236	165.914	178.589	28.439
tree228	-11352.2	0	0	10	0.269	140.745	154.871	29.857
tree229	-11352.2	0	0	10	0.245	140.94	154.732	29.547
tree230	-11352.2	0	0	10	0.256	138.408	152.389	29.725
tree231	-11352.2	0	0	10	0.266	165.115	176.222	26.841
tree232	-11352.2	0	0	10	0.251	154.322	167.759	29.186
tree233	-11352.2	0	0	10	0.29	139.848	153.423	29.285
tree234	-11352.2	0	0	10	0.265	165.936	177.35	27.149
tree235	-11352.2	0	0	10	0.315	167.688	179.946	27.943
tree236	-11352.2	0	0	10	0.289	154.308	167.647	29.05
tree237	-11352.2	0	0	10	0.254	167.27	178.665	27.141
tree238	-11352.2	0	0	10	0.279	166.91	178.633	27.444
tree239	-11352.2	0	0	10	0.249	137.019	151.674	30.406
tree240	-11352.2	0	0	10	0.288	165.527	178.258	28.443
tree241	-11352.2	0	0	10	0.286	154.986	167.92	28.648
tree242	-11352.2	0	0	10	0.285	164.177	176.591	28.129
tree243	-11352.2	0	0	10	0.269	138.249	150.014	27.496
tree244	-11352.2	0	0	10	0.272	155.654	169.313	29.387
tree245	-11352.2	0	0	10	0.295	168.341	179.999	27.363
tree246	-11352.2	0	0	10	0.289	169.331	181.302	27.682
tree247	-11352.2	0	0	10	0.269	159.082	172.587	29.236
tree248	-11352.2	0	0	10	0.291	165.051	177.895	28.553
tree249	-11352.2	0	0	10	0.276	153.113	167.692	30.303
tree250	-11352.2	0	0	10	0.283	155.392	168.385	28.71
tree251	-11352.2	0	0	10	0.278	170.762	182.208	27.168
tree252	-11352.2	0	0	10	0.247	142.182	156.031	29.602
tree253	-11352.2	0	0	10	0.298	166.234	177.83	27.298
tree254	-11352.2	0	0	10	0.279	154.86	168.19	29.051
tree255	-11352.2	0	0	10	0.279	153.988	168.196	29.929
tree256	-11352.2	0	0	10	0.245	166.911	178.628	27.472
tree257	-11352.2	0	0	10	0.267	167.238	177.909	26.404
tree258	-11352.2	0	0	10	0.283	166.793	176.318	25.242
tree259	-11352.2	0	0	10	0.305	154.645	165.626	26.676
tree260	-11352.2	0	0	10	0.271	153.492	166.866	29.103
tree261	-11352.2	0	0	10	0.255	165.366	177.978	28.357
tree262	-11352.2	0	0	10	0.268	154.723	167.848	28.857
tree263	-11352.2	0	0	10	0.298	168.406	179.437	26.733
tree264	-11352.2	0	0	10	0.266	140.9	154.666	29.5
tree265	-11352.2	0	0	10	0.265	166.764	178.486	27.457
tree266	-11352.2	0	0	10	0.299	166.999	178.706	27.408
tree267	-11352.2	0	0	10	0.293	155.494	167.943	28.156
tree268	-11352.2	0	0	10	0.274	154.357	169.034	30.403
tree269	-11352.2	0	0	10	0.27	157.572	170.458	28.616
tree270	-11352.2	0	0	10	0.298	169.609	181.612	27.705
tree271	-11352.2	0	0	10	0.259	148.736	159.907	26.912
tree272	-11352.2	0	0	10	0.268	139.78	157.153	33.105
tree273	-11352.2	0	0	10	0.279	153.353	166.716	29.084
tree274	-11352.2	0	0	10	0.284	156.112	169.552	29.156
tree275	-11352.2	0	0	10	0.264	167.398	178.882	27.22
tree276	-11352.2	0	0	10	0.258	155.32	169.031	29.453
tree277	-11352.2	0	0	10	0.317	168.495	178.605	25.793
tree278	-11352.2	0	0	10	0.272	156.649	169.913	28.992
tree279	-11352.2	0	0	10	0.286	169.313	181.025	27.426
tree280	-11352.2	0	0	10	0.288	154.517	168.159	29.354
tree281	-11352.2	0	0	10	0.281	153.42	166.492	28.791
tree282	-11352.2	0	0	10	0.25	148.797	161.971	28.924
tree283	-11352.2	0	0	10	0.261	168.127	179.366	26.978
tree284	-11352.2	0	0	10	0.275	135.838	150.194	30.081
tree285	-11352.2	0	0	10	0.288	156.619	170.377	29.47
tree286	-11352.2	0	0	10	0.297	157.022	170.079	28.76
tree287	-11352.2	0	0	10	0.231	139.401	155.506	31.874
tree288	-11352.2	0	0	10	0.297	154.367	167.653	28.989
tree289	-11352.2	0	0	10	0.288	156.141	169.575	29.146
tree290	-11352.2	0	0	10	0.274	141.949	155.27	29.047
tree291	-11352.2	0	0	10	0.255	152.595	166.811	29.961
tree292	-11352.2	0	0	10	0.288	154.54	167.485	28.657
tree293	-11352.2	0	0	10	0.286	167.137	177.764	26.341
tree294	-11352.2	0	0	10	0.299	167.559	179.419	27.561
tree295	-11352.2	0	0	10	0.264	153.324	167.352	29.764
tree296	-11352.2	0	0	10	0.289	154.924	169.093	29.88
tree297	-11352.2	0	0	10	0.267	168.01	178.936	26.659
tree298	-11352.2	0	0	10	0.3	155.93	169.528	29.298
tree299	-11352.2	0	0	10	0.278	164.818	177.173	28.077
tree300	-11352.2	0	0	10	0.254	139.56	152.783	28.969
tree301	-11352.2	0	0	10	0.309	152.903	166.819	29.607
tree302	-11352.2	0	0	10	0.277	141.379	157.088	31.432
tree303	-11352.2	0	0	10	0.275	166.658	177.572	26.639
tree304	-11352.2	0	0	10	0.274	139.52	152.505	28.711
tree305	-11352.2	0	0	10	0.285	135.305	151.524	31.934
tree306	-11352.2	0	0	10	0.276	166.94	178.626	27.41
tree307	-11352.2	0	0	10	0.258	141.186	157.288	31.844
tree308	-11352.2	0	0	10	0.276	167.316	177.266	25.674
tree309	-11352.2	0	0	10	0.278	138.553	153.751	30.92
tree310	-11352.2	0	0	10	0.277	164.873	174.754	25.604
tree311	-11352.2	0	0	10	0.253	156.054	169.17	28.863
tree312	-11352.2	0	0	10	0.285	155.044	167.245	27.916
tree313	-11352.2	0	0	10	0.291	141.404	154.623	28.928
tree314	-11352.2	0	0	10	0.278	166.061	176.875	26.536
tree315	-11352.2	0	0	10	0.282	149.411	160.752	27.059
tree316	-11352.2	0	0	10	0.288	166.821	177.902	26.793
tree317	-11352.2	0	0	10	0.285	140.099	153.456	29.072
tree318	-11352.2	0	0	10	0.266	154.821	168.901	29.814
tree319	-11352.2	0	0	10	0.296	168.718	180.466	27.452
tree320	-11352.2	0	0	10	0.279	167.301	179.684	28.104
tree321	-11352.2	0	0	10	0.275	167.01	178.18	26.895
tree322	-11352.2	0	0	10	0.282	165.947	177.306	27.077
tree323	-11352.2	0	0	10	0.257	157.302	170.159	28.6
tree324	-11352.2	0	0	10	0.29	154.557	168.356	29.509
tree325	-11352.2	0	0	10	0.266	136.827	152.347	31.254
tree326	-11352.2	0	0	10	0.255	140.768	157.544	32.521
tree327	-11352.2	0	0	10	0.263	154.929	168.236	29.044
tree328	-11352.2	0	0	10	0.255	137.513	150.18	28.412
tree329	-11352.2	0	0	10	0.288	163.775	175.173	27.11
tree330	-11352.2	0	0	10	0.277	164.262	176.951	28.412
tree331	-11352.2	0	0	10	0.239	151.711	164.315	28.365
tree332	-11352.2	0	0	10	0.277	139.821	155.095	30.997
tree333	-11352.2	0	0	10	0.296	156.119	169.27	28.855
tree334	-11352.2	0	0	10	0.263	140.511	154.464	29.69
tree335	-11352.2	0	0	10	0.264	167.056	178.255	26.935
tree336	-11352.2	0	0	10	0.268	165.301	176.259	26.69
tree337	-11352.2	0	0	10	0.265	168.036	178.412	26.111
tree338	-11352.2	0	0	10	0.268	154.488	168.294	29.538
tree339	-11352.2	0	0	10	0.27	154.623	168.285	29.392
tree340	-11352.2	0	0	10	0.249	168.714	181.423	28.46
tree341	-11352.2	0	0	10	0.276	152.643	165.894	28.975
tree342	-11352.2	0	0	10	0.284	168.919	180.345	27.142
tree343	-11352.2	0	0	10	0.259	154.639	169.384	30.486
tree344	-11352.2	0	0	10	0.261	153.134	165.994	28.599
tree345	-11352.2	0	0	10	0.295	148.735	160.167	27.137
tree346	-11352.2	0	0	10	0.258	156.01	168.8	28.532
tree347	-11352.2	0	0	10	0.295	152.762	166.625	29.568
tree348	-11352.2	0	0	10	0.294	155.303	168.47	28.873
tree349	-11352.2	0	0	10	0.281	156.735	169.047	28.031
tree350	-11352.2	0	0	10	0.261	154.689	167.657	28.707
tree351	-11352.2	0	0	10	0.251	154.399	167.161	28.511
tree352	-11352.2	0	0	10	0.268	170.035	181.93	27.627
tree353	-11352.2	0	0	10	0.237	156.352	168.612	28.023
tree354	-11352.2	0	0	10	0.293	166.997	178.486	27.196
tree355	-11352.2	0	0	10	0.269	138.088	151.73	29.373
tree356	-11352.2	0	0	10	0.271	152.746	165.754	28.737
tree357	-11352.2	0	0	10	0.279	153.999	166.95	28.672
tree358	-11352.2	0	0	10	0.29	139.619	153.063	29.154
tree359	-11352.2	0	0	10	0.289	163.566	175.719	27.864
tree360	-11352.2	0	0	10	0.269	166.317	176.433	25.847
tree361	-11352.2	0	0	10	0.296	153.856	167.931	29.779
tree362	-11352.2	0	0	10	0.285	137.711	151.344	29.348
tree363	-11352.2	0	0	10	0.257	168.555	178.46	25.648
tree364	-11352.2	0	0	10	0.299	138.772	153.658	30.587
tree365	-11352.2	0	0	10	0.278	155.85	168.623	28.495
tree366	-11352.2	0	0	10	0.28	167.629	179.145	27.236
tree367	-11352.2	0	0	10	0.247	157.079	168.343	27.017
tree368	-11352.2	0	0	10	0.277	154.217	167.342	28.848
tree369	-11352.2	0	0	10	0.268	155.554	168.499	28.677
tree370	-11352.2	0	0	10	0.302	166.168	178.049	27.579
tree371	-11352.2	0	0	10	0.296	164.789	176.294	27.209
tree372	-11352.2	0	0	10	0.29	167.137	179.027	27.6
tree373	-11352.2	0	0	10	0.272	156.284	168.819	28.263
tree374	-11352.2	0	0	10	0.294	155.868	168.392	28.23
tree375	-11352.2	0	0	10	0.275	154.54	168.111	29.296
tree376	-11352.2	0	0	10	0.304	153.172	166.401	28.925
tree377	-11352.2	0	0	10	0.269	151.229	165.53	30.032
tree378	-11352.2	0	0	10	0.27	162.773	175.345	28.302
tree379	-11352.2	0	0	10	0.262	167.189	177.775	26.324
tree380	-11352.2	0	0	10	0.308	163.412	175.776	28.056
tree381	-11352.2	0	0	10	0.259	156.068	168.948	28.621
tree382	-11352.2	0	0	10	0.26	137.942	153.529	31.327
tree383	-11352.2	0	0	10	0.259	137.899	153.845	31.687
tree384	-11352.2	0	0	10	0.242	140.954	157.991	32.795
tree385	-11352.2	0	0	10	0.278	166.171	178.646	28.197
tree386	-11352.2	0	0	10	0.249	137.849	152.241	30.143
tree387	-11352.2	0	0	10	0.228	157.259	168.926	27.439
tree388	-11352.2	0	0	10	0.273	156.485	168.873	28.115
tree389	-11352.2	0	0	10	0.248	140.177	153.582	29.157
tree390	-11352.2	0	0	10	0.293	153.739	168.089	30.057
tree391	-11352.2	0	0	10	0.255	154.821	168.658	29.582
tree392	-11352.2	0	0	10	0.296	168.145	179.703	27.262
tree393	-11352.2	0	0	10	0.265	157.547	169.544	27.732
tree394	-11352.2	0	0	10	0.257	165.214	177.895	28.424
tree395	-11352.2	0	0	10	0.311	168.27	179.487	26.906
tree396	-11352.2	0	0	10	0.279	157.076	168.999	27.644
tree397	-11352.2	0	0	10	0.275	137.321	152.561	30.965
tree398	-11352.2	0	0	10	0.263	165.179	176.967	27.525
tree399	-11352.2	0	0	10	0.296	165.786	177.797	27.715
tree400	-11352.2	0	0	10	0.254	163.963	174.953	26.736
tree401	-11352.2	0	0	10	0.287	170.117	181.888	27.484
tree402	-11352.2	0	0	10	0.283	163.854	174.561	26.424
tree403	-11352.2	0	0	10	0.302	166.375	176.924	26.247
tree404	-11352.2	0	0	10	0.281	139.68	150.933	26.972
tree405	-11352.2	0	0	10	0.267	153.849	166.671	28.555
tree406	-11352.2	0	0	10	0.269	141.478	157.825	32.078
tree407	-11352.2	0	0	10	0.284	154.288	166.535	27.963
tree408	-11352.2	0	0	10	0.273	166.771	179.616	28.572
tree409	-11352.2	0	0	10	0.284	153.953	166.969	28.732
tree410	-11352.2	0	0	10	0.282	155.249	168.892	29.361
tree411	-11352.2	0	0	10	0.298	164.321	175.513	26.894
tree412	-11352.2	0	0	10	0.259	155.51	169.027	29.258
tree413	-11352.2	0	0	10	0.272	167.045	178.3	26.983
tree414	-11352.2	0	0	10	0.295	165.231	177.552	28.026
tree415	-11352.2	0	0	10	0.282	168.743	180.128	27.103
tree416	-11352.2	0	0	10	0.304	167.97	179.278	27.004
tree417	-11352.2	0	0	10	0.263	162.811	175.225	28.151
tree418	-11352.2	0	0	10	0.265	139.928	152.419	28.226
tree419	-11352.2	0	0	10	0.267	157.136	170.396	28.993
tree420	-11352.2	0	0	10	0.246	156.97	171.226	30.01
tree421	-11352.2	0	0	10	0.286	169.469	180.926	27.171
tree422	-11352.2	0	0	10	0.268	167.447	179.813	28.098
tree423	-11352.2	0	0	10	0.277	169.33	180.941	27.334
tree424	-11352.2	0	0	10	0.279	141.101	157.01	31.63
tree425	-11352.2	0	0	10	0.274	153.421	167.641	29.946
tree426	-11352.2	0	0	10	0.265	164.416	176.361	27.68
tree427	-11352.2	0	0	10	0.263	152.802	166.655	29.59
tree428	-11352.2	0	0	10	0.271	167.53	178.493	26.692
tree429	-11352.2	0	0	10	0.261	137.634	150.394	28.499
tree430	-11352.2	0	0	10	0.248	140.551	154.407	29.608
tree431	-11352.2	0	0	10	0.26	157.48	171.029	29.289
tree432	-11352.2	0	0	10	0.214	138.961	152.461	29.286
tree433	-11352.2	0	0	10	0.285	168.042	178.937	26.61
tree434	-11352.2	0	0	10	0.269	137.751	151.123	29.103
tree435	-11352.2	0	0	10	0.267	166.963	178.513	27.283
tree436	-11352.2	0	0	10	0.267	167.526	177.952	26.159
tree437	-11352.2	0	0	10	0.242	156.088	168.948	28.618
tree438	-11352.2	0	0	10	0.242	156.533	169.357	28.582
tree439	-11352.2	0	0	10	0.244	165.268	177.601	28.089
tree440	-11352.2	0	0	10	0.249	164.937	174.138	24.952
tree441	-11352.2	0	0	10	0.283	166.468	178.369	27.618
tree442	-11352.2	0	0	10	0.294	167.96	179.654	27.4
tree443	-11352.2	0	0	10	0.263	141.826	158.093	32.004
tree444	-11352.2	0	0	10	0.263	140.533	153.986	29.19
tree445	-11352.2	0	0	10	0.283	153.413	167.612	29.916
tree446	-11352.2	0	0	10	0.285	165.885	178.922	28.752
tree447	-11352.2	0	0	10	0.287	154.753	169.128	30.088
tree448	-11352.2	0	0	10	0.274	165.994	176.47	26.202
tree449	-11352.2	0	0	10	0.286	154.051	168.55	30.213
tree450	-11352.2	0	0	10	0.293	166.669	178.257	27.295
tree451	-11352.2	0	0	10	0.267	157.083	169.874	28.524
tree452	-11352.2	0	0	10	0.264	148.205	160.026	27.557
tree453	-11352.2	0	0	10	0.298	156.019	168.366	28.049
tree454	-11352.2	0	0	10	0.275	166.663	178.231	27.293
tree455	-11352.2	0	0	10	0.27	169.082	180.263	26.911
tree456	-11352.2	0	0	10	0.266	156.072	168.693	28.355
tree457	-11352.2	0	0	10	0.287	168.024	179.473	27.162
tree458	-11352.2	0	0	10	0.292	155.206	168.567	29.069
tree459	-11352.2	0	0	10	0.293	170.733	182.732	27.706
tree460	-11352.2	0	0	10	0.267	166.299	179.248	28.682
tree461	-11352.2	0	0	10	0.278	166.594	177.893	27.021
tree462	-11352.2	0	0	10	0.256	156.231	169.477	28.99
tree463	-11352.2	0	0	10	0.295	165.738	177.424	27.391
tree464	-11352.2	0	0	10	0.294	164.552	176.196	27.35
tree465	-11352.2	0	0	10	0.3	152.629	166.738	29.809
tree466	-11352.2	0	0	10	0.318	156.216	169.949	29.415
tree467	-11352.2	0	0	10	0.259	154.96	168.809	29.59
tree468	-11352.2	0	0	10	0.261	141.347	154.492	28.884
tree469	-11352.2	0	0	10	0.286	153.169	166.938	29.483
tree470	-11352.2	0	0	10	0.27	142.61	158.397	31.517
tree471	-11352.2	0	0	10	0.272	136.633	150.401	29.496
tree472	-11352.2	0	0	10	0.262	140.923	154.83	29.645
tree473	-11352.2	0	0	10	0.274	152.086	166.944	30.584
tree474	-11352.2	0	0	10	0.254	153.893	164.899	26.752
tree475	-11352.2	0	0	10	0.255	138.562	151.862	29.045
tree476	-11352.2	0	0	10	0.268	157.584	169.909	28.057
tree477	-11352.2	0	0	10	0.27	140.269	153.568	29.029
tree478	-11352.2	0	0	10	0.278	169.626	179.848	25.944
tree479	-11352.2	0	0	10	0.245	169.055	180.062	26.762
tree480	-11352.2	0	0	10	0.269	156.492	169.789	29.028
tree481	-11352.2	0	0	10	0.242	156.359	169.484	28.883
tree482	-11352.2	0	0	10	0.276	166.025	177.632	27.331
tree483	-11352.2	0	0	10	0.263	159.145	171.833	28.425
tree484	-11352.2	0	0	10	0.287	164.395	176.964	28.282
tree485	-11352.2	0	0	10	0.264	155.808	168.913	28.841
tree486	-11352.2	0	0	10	0.286	167.27	177.27	25.714
tree487	-11352.2	0	0	10	0.279	146.584	159.316	28.453
tree488	-11352.2	0	0	10	0.304	157.753	170.406	28.349
tree489	-11352.2	0	0	10	0.244	167.203	178.645	27.198
tree490	-11352.2	0	0	10	0.222	140.96	154.233	29.051
tree491	-11352.2	0	0	10	0.289	167.334	179.27	27.647
tree492	-11352.2	0	0	10	0.298	170.211	181.399	26.89
tree493	-11352.2	0	0	10	0.28	165.946	178.49	28.264
tree494	-11352.2	0	0	10	0.258	165.337	176.969	27.374
tree495	-11352.2	0	0	10	0.242	139.066	152.511	29.203
tree496	-11352.2	0	0	10	0.286	168.086	179.8	27.428
tree497	-11352.2	0	0	10	0.277	148.829	161.064	27.958
tree498	-11352.2	0	0	10	0.28	167.453	179.023	27.29
tree499	-11352.2	0	0	10	0.257	167.436	180.206	28.513
tree500	-11352.2	0	0	10	0.29	167.203	178.566	27.073
tree501	-11352.2	0	0	10	0.238	147.231	159.266	27.797
tree502	-11352.2	0	0	10	0.276	155.243	167.684	28.165
tree503	-11352.2	0	0	10	0.257	154.105	167.624	29.262
tree504	-11352.2	0	0	10	0.276	165.415	176.783	27.092
tree505	-11352.2	0	0	10	0.282	168.596	178.591	25.713
tree506	-11352.2	0	0	10	0.298	163.621	176.012	28.093
tree507	-11352.2	0	0	10	0.223	138.136	150.907	28.548
tree508	-11352.2	0	0	10	0.274	160.672	173.011	28.065
tree509	-11352.2	0	0	10	0.277	155.68	169.13	29.173
tree510	-11352.2	0	0	10	0.272	168.99	180.274	27.012
tree511	-11352.2	0	0	10	0.287	167.618	179.533	27.628
tree512	-11352.2	0	0	10	0.311	166.99	178.73	27.429
tree513	-11352.2	0	0	10	0.28	167.486	178.998	27.232
tree514	-11352.2	0	0	10	0.274	153.443	166.427	28.71
tree515	-11352.2	0	0	10	0.297	168.738	180.855	27.82
tree516	-11352.2	0	0	10	0.26	146.049	157.892	27.583
tree517	-11352.2	0	0	10	0.258	138.6	154.593	31.735
tree518	-11352.2	0	0	10	0.28	156.759	169.956	28.917
tree519	-11352.2	0	0	10	0.296	149.754	161.56	27.51
tree520	-11352.2	0	0	10	0.29	152.966	167.277	30.021
tree521	-11352.2	0	0	10	0.266	156.252	170.649	30.131
tree522	-11352.2	0	0	10	0.262	156.377	168.436	27.797
tree523	-11352.2	0	0	10	0.29	153.133	166.006	28.583
tree524	-11352.2	0	0	10	0.281	166.802	178.232	27.149
tree525	-11352.2	0	0	10	0.285	169.583	180.671	26.803
tree526	-11352.2	0	0	10	0.267	166.756	177.911	26.888
tree527	-11352.2	0	0	10	0.247	146.931	159.484	28.306
tree528	-11352.2	0	0	10	0.267	157.228	170.624	29.129
tree529	-11352.2	0	0	10	0.255	138.434	151.804	29.115
tree530	-11352.2	0	0	10	0.282	155.421	168.422	28.719
tree531	-11352.2	0	0	10	0.289	169.084	180.292	26.919
tree532	-11352.2	0	0	10	0.278	157.179	169.995	28.538
tree533	-11352.2	0	0	10	0.299	165.715	176.823	26.809
tree534	-11352.2	0	0	10	0.271	167.741	180.238	28.226
tree535	-11352.2	0	0	10	0.282	167.337	178.381	26.762
tree536	-11352.2	0	0	10	0.283	138.187	151.825	29.355
tree537	-11352.2	0	0	10	0.289	156.46	167.878	27.129
tree538	-11352.2	0	0	10	0.295	167.113	178.621	27.213
tree539	-11352.2	0	0	10	0.257	155.696	168.064	28.111
tree540	-11352.2	0	0	10	0.266	144.143	157.952	29.543
tree541	-11352.2	0	0	10	0.261	140.744	155.058	30.053
tree542	-11352.2	0	0	10	0.259	167.598	177.708	25.851
tree543	-11352.2	0	0	10	0.263	155.902	168.638	28.473
tree544	-11352.2	0	0	10	0.275	168.128	179.369	26.966
tree545	-11352.2	0	0	10	0.275	156.016	169.484	29.193
tree546	-11352.2	0	0	10	0.275	164.554	177.548	28.719
tree547	-11352.2	0	0	10	0.251	138.604	151.916	29.061
tree548	-11352.2	0	0	10	0.272	166.542	179.377	28.563
tree549	-11352.2	0	0	10	0.265	139.129	152.709	29.315
tree550	-11352.2	0	0	10	0.275	156.235	169.659	29.149
tree551	-11352.2	0	0	10	0.23	139.212	151.753	28.311
tree552	-11352.2	0	0	10	0.271	154.215	168.273	29.787
tree553	-11352.2	0	0	10	0.252	146.631	158.404	27.521
tree554	-11352.2	0	0	10	0.275	153.605	166.938	29.058
tree555	-11352.2	0	0	10	0.317	166.51	178.106	27.279
tree556	-11352.2	0	0	10	0.28	154.662	166.237	27.295
tree557	-11352.2	0	0	10	0.307	166.324	178.056	27.425
tree558	-11352.2	0	0	10	0.274	139.233	154.377	30.87
tree559	-11352.2	0	0	10	0.272	155.613	167.564	27.679
tree560	-11352.2	0	0	10	0.26	154.375	168.481	29.846
tree561	-11352.2	0	0	10	0.258	166.956	179.213	27.999
tree562	-11352.2	0	0	10	0.281	136.974	148.89	27.635
tree563	-11352.2	0	0	10	0.269	137.813	151.25	29.168
tree564	-11352.2	0	0	10	0.264	152.988	165.47	28.218
tree565	-11352.2	0	0	10	0.24	157.359	171.508	29.909
tree566	-11352.2	0	0	10	0.283	147.336	159.404	27.785
tree567	-11352.2	0	0	10	0.258	154.828	168.699	29.613
tree568	-11352.2	0	0	10	0.274	153.467	167.572	29.831
tree569	-11352.2	0	0	10	0.27	154.009	167.695	29.416
tree570	-11352.2	0	0	10	0.269	167.545	180.344	28.53
tree571	-11352.2	0	0	10	0.283	154.952	167.749	28.514
tree572	-11352.2	0	0	10	0.299	143.523	159.035	31.213
tree573	-11352.2	0	0	10	0.282	165.302	178.131	28.547
tree574	-11352.2	0	0	10	0.279	167.193	178.331	26.859
tree575	-11352.2	0	0	10	0.313	167.739	179.971	27.919
tree576	-11352.2	0	0	10	0.256	138.422	151.76	29.082
tree577	-11352.2	0	0	10	0.294	168.467	180.159	27.398
tree578	-11352.2	0	0	10	0.298	167.258	180.246	28.69
tree579	-11352.2	0	0	10	0.288	154.996	167.823	28.539
tree580	-11352.2	0	0	10	0.271	153.584	167.56	29.705
tree581	-11352.2	0	0	10	0.271	157.328	169.936	28.337
tree582	-11352.2	0	0	10	0.271	153.749	168.612	30.592
tree583	-11352.2	0	0	10	0.303	156.763	168.054	26.988
tree584	-11352.2	0	0	10	0.287	168.762	180.375	27.326
tree585	-11352.2	0	0	10	0.252	170.062	180.909	26.595
tree586	-11352.2	0	0	10	0.237	169.245	180.069	26.587
tree587	-11352.2	0	0	10	0.296	154.255	167.368	28.817
tree588	-11352.2	0	0	10	0.296	169.091	180.23	26.843
tree589	-11352.2	0	0	10	0.286	167.049	178.48	27.145
tree590	-11352.2	0	0	10	0.273	167.962	180.513	28.278
tree591	-11352.2	0	0	10	0.271	169.083	181.085	27.731
tree592	-11352.2	0	0	10	0.272	164.864	177.626	28.49
tree593	-11352.2	0	0	10	0.253	153.412	167.484	29.819
tree594	-11352.2	0	0	10	0.288	167.744	179.504	27.472
tree595	-11352.2	0	0	10	0.278	168.6	179.225	26.347
tree596	-11352.2	0	0	10	0.309	166.55	177.738	26.879
tree597	-11352.2	0	0	10	0.312	166.906	177.973	26.755
tree598	-11352.2	0	0	10	0.27	137.224	149.816	28.322
tree599	-11352.2	0	0	10	0.291	163.911	176.594	28.392
tree600	-11352.2	0	0	10	0.271	155.886	169.035	28.878
tree601	-11352.2	0	0	10	0.294	165.161	177.857	28.402
tree602	-11352.2	0	0	10	0.253	149.796	161.695	27.646
tree603	-11352.2	0	0	10	0.299	164.638	177.572	28.635
tree604	-11352.2	0	0	10	0.26	154.147	167.541	29.134
tree605	-11352.2	0	0	10	0.281	169	178.596	25.315
tree606	-11352.2	0	0	10	0.248	135.282	147.227	27.697
tree607	-11352.2	0	0	10	0.241	154.446	168.202	29.515
tree608	-11352.2	0	0	10	0.294	165.368	177.136	27.474
tree609	-11352.2	0	0	10	0.283	155.516	169.523	29.724
tree610	-11352.2	0	0	10	0.263	147.764	159.12	27.093
tree611	-11352.2	0	0	10	0.287	155.178	169.039	29.574
tree612	-11352.2	0	0	10	0.25	148.033	159.206	26.923
tree613	-11352.2	0	0	10	0.247	157.35	168.626	27.029
tree614	-11352.2	0	0	10	0.259	148.097	159.276	26.92
tree615	-11352.2	0	0	10	0.284	167.169	178.621	27.168
tree616	-11352.2	0	0	10	0.281	164.253	176.211	27.677
tree617	-11352.2	0	0	10	0.271	155.233	169.64	30.136
tree618	-11352.2	0	0	10	0.289	162.351	175.317	28.677
tree619	-11352.2	0	0	10	0.279	166.892	178.666	27.495
tree620	-11352.2	0	0	10	0.273	141.811	156.5	30.416
tree621	-11352.2	0	0	10	0.305	168.408	180.076	27.363
tree622	-11352.2	0	0	10	0.28	167.642	179.325	27.403
tree623	-11352.2	0	0	10	0.254	153.8	168.624	30.57
tree624	-11352.2	0	0	10	0.293	137.549	149.072	27.23
tree625	-11352.2	0	0	10	0.278	164.229	176.636	28.129
tree626	-11352.2	0	0	10	0.275	164.2	175.223	26.748
tree627	-11352.2	0	0	10	0.304	154.447	168.934	30.183
tree628	-11352.2	0	0	10	0.268	153.486	166.788	29.034
tree629	-11352.2	0	0	10	0.297	166.446	177.897	27.154
tree630	-11352.2	0	0	10	0.261	137.51	152.602	30.831
tree631	-11352.2	0	0	10	0.287	154.579	168.838	29.972
tree632	-11352.2	0	0	10	0.239	139.42	152.681	29.022
tree633	-11352.2	0	0	10	0.284	166.827	178.684	27.573
tree634	-11352.2	0	0	10	0.286	167.294	178.348	26.768
tree635	-11352.2	0	0	10	0.229	157.488	168.805	27.088
tree636	-11352.2	0	0	10	0.253	153.79	166.732	28.689
tree637	-11352.2	0	0	10	0.224	152.646	166.643	29.773
tree638	-11352.2	0	0	10	0.297	138.968	154.325	31.06
tree639	-11352.2	0	0	10	0.28	138.647	151.503	28.576
tree640	-11352.2	0	0	10	0.273	155.144	168.11	28.693
tree641	-11352.2	0	0	10	0.289	153.911	167.594	29.394
tree642	-11352.2	0	0	10	0.265	157.039	169.948	28.644
tree643	-11352.2	0	0	10	0.277	164.482	176.723	27.964
tree644	-11352.2	0	0	10	0.273	153.705	166.841	28.863
tree645	-11352.2	0	0	10	0.262	169.602	180.972	27.108
tree646	-11352.2	0	0	10	0.274	153.997	167.811	29.54
tree647	-11352.2	0	0	10	0.266	154.568	169.058	30.224
tree648	-11352.2	0	0	10	0.253	153.874	166.928	28.801
tree649	-11352.2	0	0	10	0.286	152.397	164.759	28.076
tree650	-11352.2	0	0	10	0.265	152.158	165.885	29.462
tree651	-11352.2	0	0	10	0.239	158.135	171.629	29.255
tree652	-11352.2	0	0	10	0.26	169.48	179.59	25.85
tree653	-11352.2	0	0	10	0.291	139.402	152.2	28.507
tree654	-11352.2	0	0	10	0.265	138.281	151.893	29.347
tree655	-11352.2	0	0	10	0.281	163.434	174.394	26.679
tree656	-11352.2	0	0	10	0.28	155.926	168.534	28.328
tree657	-11352.2	0	0	10	0.271	155.799	169.227	29.157
tree658	-11352.2	0	0	10	0.292	163.446	176.556	28.818
tree659	-11352.2	0	0	10	0.268	154.715	167.974	28.991
tree660	-11352.2	0	0	10	0.254	148.003	158.23	25.973
tree661	-11352.2	0	0	10	0.282	155.593	170.043	30.168
tree662	-11352.2	0	0	10	0.282	167.338	179.237	27.617
tree663	-11352.2	0	0	10	0.281	154.84	169.945	30.824
tree664	-11352.2	0	0	10	0.294	154.122	167.631	29.215
tree665	-11352.2	0	0	10	0.29	167.952	179.608	27.366
tree666	-11352.2	0	0	10	0.28	156.927	169.871	28.664
tree667	-11352.2	0	0	10	0.245	156.541	170.344	29.558
tree668	-11352.2	0	0	10	0.274	166.812	178.472	27.386
tree669	-11352.2	0	0	10	0.258	146.783	157.105	26.064
tree670	-11352.2	0	0	10	0.272	167.128	177.991	26.591
tree671	-11352.2	0	0	10	0.274	165.023	175.353	26.056
tree672	-11352.2	0	0	10	0.29	148.876	160.784	27.618
tree673	-11352.2	0	0	10	0.272	152.92	167.116	29.924
tree674	-11352.2	0	0	10	0.281	143.947	156.916	28.688
tree675	-11352.2	0	0	10	0.27	168.888	179.05	25.892
tree676	-11352.2	0	0	10	0.272	165.504	178.37	28.594
tree677	-11352.2	0	0	10	0.251	167.394	179.831	28.186
tree678	-11352.2	0	0	10	0.264	140.792	154.029	28.973
tree679	-11352.2	0	0	10	0.268	142.695	158.76	31.797
tree680	-11352.2	0	0	10	0.251	166.503	178.966	28.212
tree681	-11352.2	0	0	10	0.253	148.034	160.373	28.086
tree682	-11352.2	0	0	10	0.243	147.037	158.861	27.581
tree683	-11352.2	0	0	10	0.308	142.195	158.409	31.906
tree684	-11352.2	0	0	10	0.317	153.295	167.136	29.524
tree685	-11352.2	0	0	10	0.295	138.666	152.426	29.465
tree686	-11352.2	0	0	10	0.292	143.044	157.931	30.595
tree687	-11352.2	0	0	10	0.287	141.852	155.075	28.936
tree688	-11352.2	0	0	10	0.292	154.797	168.438	29.349
tree689	-11352.2	0	0	10	0.267	168.753	180.461	27.441
tree690	-11352.2	0	0	10	0.288	164.928	176.242	27.026
tree691	-11352.2	0	0	10	0.277	154.617	169.058	30.164
tree692	-11352.2	0	0	10	0.263	153.711	168.138	30.164
tree693	-11352.2	0	0	10	0.26	154.038	167.884	29.586
tree694	-11352.2	0	0	10	0.281	164.711	176.855	27.863
tree695	-11352.2	0	0	10	0.296	164.846	177.878	28.736
tree696	-11352.2	0	0	10	0.273	166.657	177.985	27.055
tree697	-11352.2	0	0	10	0.261	137.279	151.19	29.65
tree698	-11352.2	0	0	10	0.31	166.895	177.646	26.441
tree699	-11352.2	0	0	10	0.261	149.635	160.942	27.046
tree700	-11352.2	0	0	10	0.283	168.973	180.99	27.734
tree701	-11352.2	0	0	10	0.27	140.108	153.89	29.512
tree702	-11352.2	0	0	10	0.265	156.141	169.397	28.991
tree703	-11352.2	0	0	10	0.25	137.747	152.292	30.295
tree704	-11352.2	0	0	10	0.272	166.323	176.445	25.85
tree705	-11352.2	0	0	10	0.28	155.032	168.074	28.762
tree706	-11352.2	0	0	10	0.294	154.341	168.623	29.988
tree707	-11352.2	0	0	10	0.27	145.176	158.164	28.718
tree708	-11352.2	0	0	10	0.272	166.453	178.158	27.433
tree709	-11352.2	0	0	10	0.284	168.913	179.856	26.659
tree710	-11352.2	0	0	10	0.305	168.003	179.467	27.159
tree711	-11352.2	0	0	10	0.289	167.847	179.365	27.229
tree712	-11352.2	0	0	10	0.306	170.157	181.316	26.853
tree713	-11352.2	0	0	10	0.294	167.206	180.253	28.753
tree714	-11352.2	0	0	10	0.261	154.418	167.447	28.768
tree715	-11352.2	0	0	10	0.271	139.813	154.737	30.653
tree716	-11352.2	0	0	10	0.269	155.797	168.482	28.416
tree717	-11352.2	0	0	10	0.275	163.677	175.657	27.705
tree718	-11352.2	0	0	10	0.307	166.64	177.542	26.595
tree719	-11352.2	0	0	10	0.261	139.246	154.683	31.176
tree720	-11352.2	0	0	10	0.305	166.165	176.978	26.508
tree721	-11352.2	0	0	10	0.294	156.358	169.586	28.934
tree722	-11352.2	0	0	10	0.255	155.423	168.911	29.233
tree723	-11352.2	0	0	10	0.287	169.028	180.181	26.866
tree724	-11352.2	0	0	10	0.288	163.498	174.812	27.026
tree725	-11352.2	0	0	10	0.267	161.805	173.711	27.639
tree726	-11352.2	0	0	10	0.293	167.157	178.83	27.38
tree727	-11352.2	0	0	10	0.271	167.253	179.333	27.809
tree728	-11352.2	0	0	10	0.231	142.69	156.538	29.617
tree729	-11352.2	0	0	10	0.257	169.922	180.064	25.885
tree730	-11352.2	0	0	10	0.312	164.652	176.958	27.994
tree731	-11352.2	0	0	10	0.268	139.739	153.266	29.259
tree732	-11352.2	0	0	10	0.278	145.866	158.709	28.565
tree733	-11352.2	0	0	10	0.272	144.183	158.452	29.997
tree734	-11352.2	0	0	10	0.286	139.181	156.275	32.808
tree735	-11352.2	0	0	10	0.257	141.537	154.85	29.056
tree736	-11352.2	0	0	10	0.289	152.383	166.794	30.122
tree737	-11352.2	0	0	10	0.255	135.43	149.943	30.258
tree738	-11352.2	0	0	10	0.258	155.256	167.735	28.221
tree739	-11352.2	0	0	10	0.276	140.808	156.62	31.536
tree740	-11352.2	0	0	10	0.276	141.871	157.573	31.426
tree741	-11352.2	0	0	10	0.264	154.28	167.458	28.914
tree742	-11352.2	0	0	10	0.264	167.729	180.25	28.257
tree743	-11352.2	0	0	10	0.286	154.504	167.569	28.779
tree744	-11352.2	0	0	10	0.3	151.542	165.927	30.085
tree745	-11352.2	0	0	10	0.285	167.662	178.082	26.135
tree746	-11352.2	0	0	10	0.262	153.3	166.477	28.915
tree747	-11352.2	0	0	10	0.276	169.39	179.47	25.804
tree748	-11352.2	0	0	10	0.258	150.917	165.19	30.015
tree749	-11352.2	0	0	10	0.297	166.028	177.435	27.11
tree750	-11352.2	0	0	10	0.246	135.602	149.243	29.395
tree751	-11352.2	0	0	10	0.268	153.82	167.936	29.848
tree752	-11352.2	0	0	10	0.277	157.684	171.237	29.276
tree753	-11352.2	0	0	10	0.276	154.209	168.542	30.057
tree754	-11352.2	0	0	10	0.263	154.497	169.145	30.385
tree755	-11352.2	0	0	10	0.244	168.911	179.811	26.656
tree756	-11352.2	0	0	10	0.261	147.568	158.825	26.996
tree757	-11352.2	0	0	10	0.259	163.537	175.979	28.183
tree758	-11352.2	0	0	10	0.278	168.421	179.286	26.587
tree759	-11352.2	0	0	10	0.26	153.525	164.571	26.786
tree760	-11352.2	0	0	10	0.278	146.937	158.717	27.502
tree761	-11352.2	0	0	10	0.268	166.292	178.826	28.266
tree762	-11352.2	0	0	10	0.26	136.841	150.524	29.423
tree763	-11352.2	0	0	10	0.271	155.251	166.343	26.821
tree764	-11352.2	0	0	10	0.312	155.623	168.668	28.733
tree765	-11352.2	0	0	10	0.285	155.25	167.583	28.048
tree766	-11352.2	0	0	10	0.27	168.435	179.469	26.764
tree767	-11352.2	0	0	10	0.289	168.371	179.072	26.412
tree768	-11352.2	0	0	10	0.259	138.449	154.341	31.633
tree769	-11352.2	0	0	10	0.302	153.287	166.978	29.389
tree770	-11352.2	0	0	10	0.276	136.365	152.603	31.962
tree771	-11352.2	0	0	10	0.288	154.767	168.649	29.594
tree772	-11352.2	0	0	10	0.303	151.524	163.846	28.019
tree773	-11352.2	0	0	10	0.287	152.718	167.01	30.005
tree774	-11352.2	0	0	10	0.292	165.375	178.305	28.638
tree775	-11352.2	0	0	10	0.277	158.081	170.904	28.546
tree776	-11352.2	0	0	10	0.268	142.27	154.369	27.831
tree777	-11352.2	0	0	10	0.265	151.043	165.478	30.17
tree778	-11352.2	0	0	10	0.236	139.995	153.168	28.937
tree779	-11352.2	0	0	10	0.283	154.173	167.25	28.794
tree780	-11352.2	0	0	10	0.255	168.817	180.37	27.298
tree781	-11352.2	0	0	10	0.286	165.301	177.333	27.746
tree782	-11352.2	0	0	10	0.245	146.993	159.005	27.767
tree783	-11352.2	0	0	10	0.257	168.742	179.717	26.718
tree784	-11352.2	0	0	10	0.265	151.606	165.602	29.731
tree785	-11352.2	0	0	10	0.3	171.358	182.468	26.81
tree786	-11352.2	0	0	10	0.277	141.213	154.219	28.729
tree787	-11352.2	0	0	10	0.262	154.937	167.883	28.684
tree788	-11352.2	0	0	10	0.278	167.571	178.477	26.628
tree789	-11352.2	0	0	10	0.297	156.221	168.051	27.533
tree790	-11352.2	0	0	10	0.269	167.422	179.172	27.481
tree791	-11352.2	0	0	10	0.284	165.92	177.609	27.405
tree792	-11352.2	0	0	10	0.304	164.355	177.146	28.487
tree793	-11352.2	0	0	10	0.279	152.673	166.848	29.896
tree794	-11352.2	0	0	10	0.29	152.1	164.054	27.664
tree795	-11352.2	0	0	10	0.254	153.622	167.411	29.535
tree796	-11352.2	0	0	10	0.285	139.659	153.103	29.159
tree797	-11352.2	0	0	10	0.249	136.727	152.762	31.786
tree798	-11352.2	0	0	10	0.31	171.334	182.958	27.314
tree799	-11352.2	0	0	10	0.274	146.916	156.507	25.317
tree800	-11352.2	0	0	10	0.235	167.754	179.233	27.244
tree801	-11352.2	0	0	10	0.255	169.115	181.135	27.765
tree802	-11352.2	0	0	10	0.289	155.553	167.117	27.275
tree803	-11352.2	0	0	10	0.253	155.178	168.248	28.817
tree804	-11352.2	0	0	10	0.277	167.128	179.566	28.161
tree805	-11352.2	0	0	10	0.282	154.062	167.635	29.291
tree806	-11352.2	0	0	10	0.268	140.436	154.223	29.519
tree807	-11352.2	0	0	10	0.302	157.14	170.696	29.254
tree808	-11352.2	0	0	10	0.249	164.924	177.262	28.089
tree809	-11352.2	0	0	10	0.246	169.155	180.254	26.853
tree810	-11352.2	0	0	10	0.284	165.948	178.434	28.202
tree811	-11352.2	0	0	10	0.282	169.398	180.384	26.704
tree812	-11352.2	0	0	10	0.298	164.373	175.412	26.741
tree813	-11352.2	0	0	10	0.273	166.46	177.833	27.1
tree814	-11352.2	0	0	10	0.27	145.418	156.248	26.56
tree815	-11352.2	0	0	10	0.297	154.208	166.413	27.908
tree816	-11352.2	0	0	10	0.261	163.123	175.629	28.245
tree817	-11352.2	0	0	10	0.238	155.368	168.446	28.84
tree818	-11352.2	0	0	10	0.262	167.436	179.968	28.27
tree819	-11352.2	0	0	10	0.293	166.329	179.144	28.522
tree820	-11352.2	0	0	10	0.248	154.778	167.885	28.859
tree821	-11352.2	0	0	10	0.25	148.726	160.236	27.26
tree822	-11352.2	0	0	10	0.285	165.686	177.853	27.882
tree823	-11352.2	0	0	10	0.294	169.444	180.611	26.873
tree824	-11352.2	0	0	10	0.273	154.296	169.121	30.552
tree825	-11352.2	0	0	10	0.277	170.1	181.538	27.161
tree826	-11352.2	0	0	10	0.288	153.149	167.257	29.82
tree827	-11352.2	0	0	10	0.267	140.167	155.764	31.33
tree828	-11352.2	0	0	10	0.272	167.312	176.762	25.178
tree829	-11352.2	0	0	10	0.242	140.24	155.862	31.38
tree830	-11352.2	0	0	10	0.272	156.534	170.77	29.964
tree831	-11352.2	0	0	10	0.251	157.505	170.625	28.869
tree832	-11352.2	0	0	10	0.264	136.297	149.01	28.449
tree833	-11352.2	0	0	10	0.28	142.666	157.295	30.349
tree834	-11352.2	0	0	10	0.259	140.915	158.062	32.888
tree835	-11352.2	0	0	10	0.25	170.019	181.791	27.522
tree836	-11352.2	0	0	10	0.295	155.845	169	28.86
tree837	-11352.2	0	0	10	0.261	169.493	181.071	27.317
tree838	-11352.2	0	0	10	0.277	142.511	157.093	30.305
tree839	-11352.2	0	0	10	0.247	167.694	179.699	27.758
tree840	-11352.2	0	0	10	0.267	170.397	180.617	25.953
tree841	-11352.2	0	0	10	0.283	166.014	178.12	27.823
tree842	-11352.2	0	0	10	0.295	168.478	178.418	25.645
tree843	-11352.2	0	0	10	0.286	157.87	171.714	29.558
tree844	-11352.2	0	0	10	0.245	153.059	164.55	27.246
tree845	-11352.2	0	0	10	0.273	152.488	165.107	28.346
tree846	-11352.2	0	0	10	0.263	157.243	170.713	29.207
tree847	-11352.2	0	0	10	0.26	156.682	170.233	29.291
tree848	-11352.2	0	0	10	0.25	155.324	168.015	28.441
tree849	-11352.2	0	0	10	0.257	155.807	168.416	28.352
tree850	-11352.2	0	0	10	0.247	145.889	157.167	27.031
tree851	-11352.2	0	0	10	0.263	149.402	161.399	27.734
tree852	-11352.2	0	0	10	0.276	139.951	154.44	30.213
tree853	-11352.2	0	0	10	0.245	153.714	168.853	30.894
tree854	-11352.2	0	0	10	0.249	147.105	160.192	28.838
tree855	-11352.2	0	0	10	0.23	153.464	166.797	29.103
tree856	-11352.2	0	0	10	0.275	162.49	174.258	27.493
tree857	-11352.2	0	0	10	0.269	166.095	177.414	27.05
tree858	-11352.2	0	0	10	0.298	166.549	177.57	26.723
tree859	-11352.2	0	0	10	0.263	167.293	179.245	27.689
tree860	-11352.2	0	0	10	0.331	153.947	168.517	30.239
tree861	-11352.2	0	0	10	0.274	165.964	177.312	27.074
tree862	-11352.2	0	0	10	0.289	168.792	179.603	26.522
tree863	-11352.2	0	0	10	0.264	158.404	171.983	29.315
tree864	-11352.2	0	0	10	0.267	157.036	169.776	28.473
tree865	-11352.2	0	0	10	0.287	165.622	178.565	28.656
tree866	-11352.2	0	0	10	0.291	165.43	176.143	26.422
tree867	-11352.2	0	0	10	0.268	157.846	171.069	28.955
tree868	-11352.2	0	0	10	0.258	162.928	175.528	28.342
tree869	-11352.2	0	0	10	0.334	167.117	179.904	28.453
tree870	-11352.2	0	0	10	0.268	166.368	177.697	27.061
tree871	-11352.2	0	0	10	0.246	170.157	181.607	27.204
tree872	-11352.2	0	0	10	0.282	148.508	160.661	27.871
tree873	-11352.2	0	0	10	0.271	152.494	166.364	29.599
tree874	-11352.2	0	0	10	0.286	139.298	154.4	30.816
tree875	-11352.2	0	0	10	0.261	165.578	178.429	28.59
tree876	-11352.2	0	0	10	0.258	165.237	177.651	28.156
tree877	-11352.2	0	0	10	0.279	152.995	167.576	30.302
tree878	-11352.2	0	0	10	0.295	152.713	166.775	29.767
tree879	-11352.2	0	0	10	0.277	167.525	177.475	25.673
tree880	-11352.2	0	0	10	0.296	166.588	177.765	26.881
tree881	-11352.2	0	0	10	0.267	168.906	179.951	26.778
tree882	-11352.2	0	0	10	0.257	152.34	166.148	29.551
tree883	-11352.2	0	0	10	0.254	156.71	169.901	28.937
tree884	-11352.2	0	0	10	0.261	166.2	176.356	25.895
tree885	-11352.2	0	0	10	0.314	165.2	178.077	28.563
tree886	-11352.2	0	0	10	0.259	143.631	159.67	31.78
tree887	-11352.2	0	0	10	0.251	137.537	152.731	30.943
tree888	-11352.2	0	0	10	0.314	165.439	177.13	27.377
tree889	-11352.2	0	0	10	0.296	156.505	169.571	28.77
tree890	-11352.2	0	0	10	0.247	139.093	153.192	29.852
tree891	-11352.2	0	0	10	0.253	168.506	179.058	26.299
tree892	-11352.2	0	0	10	0.279	166.948	178.504	27.277
tree893	-11352.2	0	0	10	0.281	157.26	170.3	28.759
tree894	-11352.2	0	0	10	0.285	156.089	167.998	27.624
tree895	-11352.2	0	0	10	0.29	166.673	177.909	26.946
tree896	-11352.2	0	0	10	0.278	156.563	169.159	28.318
tree897	-11352.2	0	0	10	0.283	153.704	165.278	27.291
tree898	-11352.2	0	0	10	0.267	148.315	159.867	27.285
tree899	-11352.2	0	0	10	0.278	162.947	175.605	28.38
tree900	-11352.2	0	0	10	0.268	140.714	155.206	30.224
tree901	-11352.2	0	0	10	0.259	150.171	163.059	28.629
tree902	-11352.2	0	0	10	0.271	165.666	177.532	27.595
tree903	-11352.2	0	0	10	0.268	166.184	178.838	28.386
tree904	-11352.2	0	0	10	0.29	163.53	176.132	28.312
tree905	-11352.2	0	0	10	0.269	162.889	175.672	28.514
tree906	-11352.2	0	0	10	0.252	147.744	159.81	27.814
tree907	-11352.2	0	0	10	0.248	138.587	151.98	29.145
tree908	-11352.2	0	0	10	0.264	168.747	179.778	26.767
tree909	-11352.2	0	0	10	0.285	170.897	182.486	27.304
tree910	-11352.2	0	0	10	0.262	137.662	152.05	30.126
tree911	-11352.2	0	0	10	0.268	154.737	167.871	28.866
tree912	-11352.2	0	0	10	0.257	147.438	158.901	27.206
tree913	-11352.2	0	0	10	0.292	168.302	179.84	27.246
tree914	-11352.2	0	0	10	0.273	154.037	167.281	28.971
tree915	-11352.2	0	0	10	0.269	140.967	156.818	31.582
tree916	-11352.2	0	0	10	0.278	157.09	170.449	29.081
tree917	-11352.2	0	0	10	0.245	154.592	168.02	29.183
tree918	-11352.2	0	0	10	0.288	165.644	176.967	27.035
tree919	-11352.2	0	0	10	0.255	143.808	158.146	30.083
tree920	-11352.2	0	0	10	0.27	153.499	166.574	28.805
tree921	-11352.2	0	0	10	0.271	153.887	168.166	30.008
tree922	-11352.2	0	0	10	0.266	139.576	153.2	29.358
tree923	-11352.2	0	0	10	0.286	136.263	150.65	30.101
tree924	-11352.2	0	0	10	0.274	167.775	179.759	27.71
tree925	-11352.2	0	0	10	0.29	168.681	179.898	26.927
tree926	-11352.2	0	0	10	0.265	169.536	181.315	27.514
tree927	-11352.2	0	0	10	0.27	145.777	158.724	28.677
tree928	-11352.2	0	0	10	0.272	156.46	168.446	27.714
tree929	-11352.2	0	0	10	0.294	155.718	168.236	28.224
tree930	-11352.2	0	0	10	0.249	167.037	177.436	26.15
tree931	-11352.2	0	0	10	0.273	165.955	177.98	27.752
tree932	-11352.2	0	0	10	0.28	165.448	177.692	27.964
tree933	-11352.2	0	0	10	0.256	155.472	169.69	29.962
tree934	-11352.2	0	0	10	0.274	141.694	157.3	31.332
tree935	-11352.2	0	0	10	0.292	167.307	179.88	28.281
tree936	-11352.2	0	0	10	0.283	165.92	177.464	27.261
tree937	-11352.2	0	0	10	0.264	165.153	176.007	26.59
tree938	-11352.2	0	0	10	0.275	168.19	179.624	27.159
tree939	-11352.2	0	0	10	0.259	153.083	165.997	28.655
tree940	-11352.2	0	0	10	0.257	171.663	183.377	27.457
tree941	-11352.2	0	0	10	0.284	156.48	169.565	28.801
tree942	-11352.2	0	0	10	0.278	152.381	166.272	29.613
tree943	-11352.2	0	0	10	0.267	147.42	159.287	27.6
tree944	-11352.2	0	0	10	0.305	166.315	176.648	26.028
tree945	-11352.2	0	0	10	0.289	167.787	179.726	27.65
tree946	-11352.2	0	0	10	0.254	135.751	150.603	30.598
tree947	-11352.2	0	0	10	0.272	156.854	169.761	28.635
tree948	-11352.2	0	0	10	0.29	156.22	170.098	29.588
tree949	-11352.2	0	0	10	0.263	167.781	178.707	26.663
tree950	-11352.2	0	0	10	0.273	137.512	150.297	28.512
tree951	-11352.2	0	0	10	0.245	139.932	156.816	32.639
tree952	-11352.2	0	0	10	0.313	166.393	179.035	28.329
tree953	-11352.2	0	0	10	0.281	166.266	177.933	27.386
tree954	-11352.2	0	0	10	0.277	166.746	178.235	27.212
tree955	-11352.2	0	0	10	0.282	167.266	178.888	27.34
tree956	-11352.2	0	0	10	0.264	166.478	179.263	28.521
tree957	-11352.2	0	0	10	0.28	168.747	180.693	27.666
tree958	-11352.2	0	0	10	0.275	143.237	157.264	29.752
tree959	-11352.2	0	0	10	0.262	154.301	167.841	29.278
tree960	-11352.2	0	0	10	0.274	169.011	180.58	27.295
tree961	-11352.2	0	0	10	0.302	166.294	177.881	27.285
tree962	-11352.2	0	0	10	0.286	155.29	168.594	29.018
tree963	-11352.2	0	0	10	0.296	154.355	166.343	27.692
tree964	-11352.2	0	0	10	0.258	146.587	157.875	27.03
tree965	-11352.2	0	0	10	0.302	169.356	179.707	26.049
tree966	-11352.2	0	0	10	0.27	162.686	175.119	28.163
tree967	-11352.2	0	0	10	0.284	156.436	168.427	27.707
tree968	-11352.2	0	0	10	0.272	154.671	167.821	28.878
tree969	-11352.2	0	0	10	0.264	136.43	150.38	29.686
tree970	-11352.2	0	0	10	0.302	154.996	168.168	28.87
tree971	-11352.2	0	0	10	0.271	156.387	168.921	28.263
tree972	-11352.2	0	0	10	0.278	142.375	157.484	30.831
tree973	-11352.2	0	0	10	0.276	165.225	177.129	27.628
tree974	-11352.2	0	0	10	0.271	153.607	166.67	28.792
tree975	-11352.2	0	0	10	0.275	155.828	168.676	28.573
tree976	-11352.2	0	0	10	0.252	137.22	152.653	31.181
tree977	-11352.2	0	0	10	0.253	157.052	169.922	28.617
tree978	-11352.2	0	0	10	0.258	140.472	153.9	29.17
tree979	-11352.2	0	0	10	0.255	166.586	178.219	27.378
tree980	-11352.2	0	0	10	0.283	165.011	176.216	26.922
tree981	-11352.2	0	0	10	0.234	144.182	159.364	30.948
tree982	-11352.2	0	0	10	0.301	141.191	157.363	31.871
tree983	-11352.2	0	0	10	0.272	140.204	153.493	29.017
tree984	-11352.2	0	0	10	0.26	156.971	169.96	28.729
tree985	-11352.2	0	0	10	0.27	155.054	167.819	28.495
tree986	-11352.2	0	0	10	0.29	167.975	179.107	26.842
tree987	-11352.2	0	0	10	0.255	157.091	169.692	28.346
tree988	-11352.2	0	0	10	0.267	140.23	153.867	29.37
tree989	-11352.2	0	0	10	0.278	167.346	178.225	26.601
tree990	-11352.2	0	0	10	0.298	167.861	179.388	27.229
tree991	-11352.2	0	0	10	0.307	140.856	153.811	28.648
tree992	-11352.2	0	0	10	0.259	152.293	165.511	28.959
tree993	-11352.2	0	0	10	0.284	167.907	178.675	26.484
tree994	-11352.2	0	0	10	0.285	147.876	159.43	27.269
tree995	-11352.2	0	0	10	0.284	165.674	178.473	28.515
tree996	-11352.2	0	0	10	0.269	169.232	180.643	27.142
tree997	-11352.2	0	0	10	0.268	141.355	153.489	27.866
tree998	-11352.2	0	0	10	0.282	166.618	179.249	28.349
tree999	-11352.2	0	0	10	0.279	138.375	151.902	29.248
